2 0.16940767973856208 0.7671621621621623 0.33881535947712416 0.4818918918918919
0 0.8672998366013073 0.6079864864864865 0.06505718954248375 0.49554054054054053
0 0.5565196078431373 0.5352162162162162 0.014624183006535929 0.14216216216216224
0 0.5740032679738561 0.5313108108108108 0.01617647058823535 0.14835135135135138
0 0.4488316993464052 0.5302972972972974 0.018839869281045706 0.15205405405405403
4 0.7718382352941177 0.5799189189189189 0.04671568627450986 0.21070270270270272
4 0.5239991830065359 0.4997972972972973 0.020547385620915105 0.06343243243243243
4 0.5049795751633988 0.5157162162162162 0.012459150326797386 0.08137837837837841
4 0.6568300653594772 0.5813243243243243 0.06114379084967323 0.25281081081081086
4 0.39752859477124186 0.5518378378378379 0.03652777777777776 0.14329729729729732
