0 0.5504616013071896 0.5376621621621621 0.023080065359477125 0.2055945945945946
0 0.5687990196078432 0.5318378378378379 0.02552287581699347 0.212972972972973
0 0.38224264705882355 0.542054054054054 0.02396241830065358 0.22027027027027027
3 0.4992933006535948 0.49893243243243246 0.01783496732026138 0.11916216216216217
4 0.7266830065359478 0.6518243243243242 0.04973856209150326 0.2647297297297297
4 0.45737336601307194 0.5026891891891893 0.05435457516339876 0.11240540540540542
4 0.5944485294117647 0.4956891891891892 0.024648692810457576 0.12083783783783779
4 0.8825939542483661 0.7989594594594595 0.12564542483660138 0.4128918918918919
4 0.07458333333333332 0.6276486486486487 0.12395424836601307 0.25000000000000006
4 0.3194485294117647 0.5265675675675676 0.022949346405228783 0.13767567567567568
