2 0.5174264705882352 0.58 0.055898692810457486 0.17583783783783785
2 0.7100571895424836 0.5984189189189189 0.15387254901960778 0.2671081081081081
2 0.6161274509803922 0.5514324324324325 0.0793627450980392 0.13470270270270263
2 0.5843341503267974 0.5379594594594596 0.068374183006536 0.09581081081081086
2 0.1986315359477124 0.6526486486486486 0.1584395424836601 0.2626486486486487
2 0.3928308823529412 0.5478243243243243 0.046527777777777765 0.1054864864864865
2 0.4457638888888889 0.523945945945946 0.029959150326797444 0.06886486486486483
2 0.2439297385620915 0.5861621621621621 0.09285947712418298 0.138
2 0.29701388888888886 0.5532162162162162 0.05889705882352939 0.1266486486486487
2 0.4863316993464052 0.5098783783783783 0.023169934640522888 0.04332432432432433
2 0.3579248366013072 0.5361891891891891 0.0444607843137255 0.08086486486486483
2 0.4166666666666667 0.5259054054054053 0.0380882352941176 0.05586486486486483
2 0.1088357843137255 0.5768648648648649 0.1004983660130719 0.14054054054054055
2 0.11912173202614379 0.5489999999999999 0.0954656862745098 0.09654054054054054
2 0.5403104575163398 0.5047837837837837 0.020506535947712436 0.04210810810810814
