2 0.4906576797385621 0.5046621621621622 0.02214869281045753 0.07240540540540538
2 0.3899795751633987 0.5892567567567567 0.08479575163398695 0.22602702702702693
2 0.22678921568627453 0.5635405405405405 0.06982026143790848 0.12470270270270274
3 0.5651062091503268 0.5107972972972973 0.042875816993463975 0.15672972972972976
0 0.349812091503268 0.5374324324324324 0.008169934640522876 0.13610810810810814
4 0.12526960784313723 0.5420675675675676 0.020457516339869274 0.12116216216216212
4 0.02399918300653595 0.5448783783783784 0.011952614379084967 0.0761351351351351
4 0.2869730392156863 0.49843243243243246 0.013651960784313756 0.06767567567567566
4 0.34654411764705884 0.5265675675675675 0.027271241830065355 0.06767567567567566
4 0.44908905228758167 0.4899864864864865 0.034926470588235295 0.05078378378378376
4 0.5388766339869281 0.5209459459459459 0.015351307189542454 0.09583783783783778
