2 0.13650326797385623 0.7651216216216217 0.27300653594771246 0.4913783783783784
2 0.8526756535947712 0.7541351351351351 0.32242647058823526 0.5133513513513513
2 0.32065767973856213 0.6070675675675676 0.13309640522875818 0.3126756756756756
2 0.4275857843137255 0.5641486486486487 0.07703431372549016 0.17727027027027029
2 0.6757761437908496 0.615054054054054 0.10933006535947708 0.26756756756756755
2 0.641797385620915 0.573027027027027 0.05937908496732022 0.17621621621621628
2 0.5479738562091504 0.5311891891891891 0.05696078431372551 0.10675675675675676
6 0.822626633986928 0.4711081081081081 0.06322712418300643 0.1261081081081081
6 0.768125 0.46814864864864864 0.054763071895424904 0.11143243243243248
1 0.6776960784313726 0.43235135135135133 0.03754901960784317 0.10664864864864859
4 0.5900735294117647 0.48922972972972967 0.021127450980392076 0.05921621621621621
4 0.4750490196078432 0.4913783783783784 0.020457516339869253 0.031081081081081083
4 0.6261070261437909 0.46604054054054056 0.04513888888888889 0.10991891891891896
4 0.7409967320261438 0.4505675675675675 0.03833333333333339 0.06767567567567566
