2 0.20602124183006537 0.776054054054054 0.29887254901960786 0.4695135135135135
2 0.0811233660130719 0.7881081081081082 0.1622467320261438 0.44540540540540546
3 1.0013398692810456 0.7753648648648649 0.025098039215686298 0.47089189189189185
2 0.4198202614379085 0.5906891891891892 0.058300653594771205 0.16689189189189188
2 0.45062500000000005 0.5592972972972973 0.03518790849673207 0.10351351351351354
6 0.4622794117647058 0.5182837837837837 0.029771241830065312 0.11159459459459457
2 0.5958169934640523 0.5577432432432433 0.10055555555555559 0.1298108108108108
2 0.5803553921568627 0.5488108108108108 0.08657679738562093 0.10043243243243243
2 0.5522426470588235 0.5306486486486487 0.06290032679738562 0.08648648648648649
6 0.47744281045751635 0.5067162162162162 0.019395424836601314 0.06737837837837832
6 0.3693096405228758 0.6165540540540541 0.11642973856209149 0.3266756756756757
3 0.8152900326797387 0.5702432432432433 0.06366830065359483 0.2348108108108108
