2 0.14259803921568626 0.6351891891891891 0.16194444444444442 0.22972972972972966
7 0.5834272875816994 0.4606216216216216 0.032802287581699424 0.09627027027027028
2 0.2633700980392157 0.5666621621621623 0.08718137254901964 0.17672972972972978
2 0.31314542483660135 0.5618108108108109 0.05995098039215686 0.11443243243243244
2 0.3443096405228758 0.540472972972973 0.05575980392156863 0.11597297297297296
2 0.39090686274509806 0.528581081081081 0.03679738562091505 0.07645945945945944
2 0.4076593137254902 0.5230675675675676 0.030955882352941166 0.06559459459459455
4 0.4457271241830065 0.5017027027027027 0.02142156862745091 0.04545945945945944
4 0.5384803921568627 0.47159459459459463 0.00772875816993467 0.016810810810810806
4 0.5277696078431373 0.4705810810810811 0.006290849673202652 0.01418918918918919
4 0.6256781045751634 0.47731081081081084 0.01024509803921575 0.053594594594594626
4 0.6729125816993464 0.48293243243243245 0.014501633986928105 0.08175675675675675
