3 0.9383823529411764 0.7628378378378379 0.15101307189542476 0.49594594594594593
2 0.3577328431372549 0.608472972972973 0.1281617647058823 0.2477567567567568
2 0.4098570261437909 0.5553513513513513 0.09401143790849677 0.22464864864864867
6 0.8054125816993465 0.4446891891891892 0.18829248366013066 0.26656756756756755
2 0.6188684640522876 0.521918918918919 0.053929738562091496 0.119027027027027
2 0.46173611111111107 0.5175135135135135 0.050514705882352975 0.13664864864864865
2 0.6027410130718954 0.497445945945946 0.045661764705882436 0.11689189189189189
2 0.4769566993464053 0.5044729729729729 0.03558006535947718 0.10937837837837837
4 0.5485089869281046 0.4631486486486487 0.022785947712418382 0.04548648648648652
4 0.5039869281045752 0.47589189189189185 0.027271241830065355 0.06767567567567566
