2 0.5537622549019608 0.5033513513513513 0.027083333333333313 0.06156756756756757
1 0.24475490196078434 0.4661756756756757 0.2850653594771242 0.43662162162162166
2 0.5793872549019609 0.5100675675675675 0.04032679738562093 0.08937837837837836
2 0.15776143790849673 0.7669729729729728 0.31552287581699345 0.48767567567567566
2 0.41745506535947713 0.5231216216216217 0.026985294117647083 0.06332432432432435
7 0.5048937908496732 0.4691081081081081 0.050114379084967256 0.08075675675675674
4 0.45036356209150324 0.4998378378378378 0.035776143790849646 0.07048648648648645
4 0.8676388888888888 0.4500540540540541 0.01942810457516356 0.03681081081081082
4 0.4112214052287582 0.4618243243243243 0.025563725490196094 0.03954054054054053
4 0.6803635620915033 0.44768918918918915 0.01373366013071891 0.0287837837837838
4 0.6954411764705882 0.4494189189189189 0.013872549019607858 0.0343513513513513
4 0.7394076797385621 0.44909459459459455 0.02750816993464049 0.04359459459459458
4 0.7730269607843137 0.449972972972973 0.031184640522875784 0.04070270270270271
4 0.9172344771241832 0.4460540540540541 0.026952614379084975 0.048540540540540564
4 0.9441830065359476 0.4473108108108108 0.027908496732026212 0.05705405405405409
4 0.9692524509803921 0.4505810810810811 0.030171568627450848 0.07116216216216212
4 0.9976674836601307 0.44332432432432434 0.030792483660130765 0.0602702702702703
4 0.7148897058823529 0.44859459459459466 0.0216911764705882 0.04405405405405401
4 0.657704248366013 0.44547297297297295 0.016258169934640503 0.028243243243243288
4 0.8837704248366014 0.455972972972973 0.012638888888888911 0.03648648648648649
4 0.8461356209150327 0.4493378378378378 0.014493464052287588 0.04191891891891889
4 0.8188684640522875 0.44916216216216215 0.05280228758169925 0.06486486486486487
