3 0.7708129084967319 0.5225540540540541 0.03995915032679736 0.20332432432432437
2 0.5957230392156863 0.5124054054054055 0.02494281045751632 0.08054054054054056
4 0.24595996732026143 0.5317837837837838 0.03989379084967323 0.09362162162162166
4 0.5239950980392157 0.48856756756756753 0.02990196078431365 0.04659459459459454
4 0.2736642156862745 0.5148783783783784 0.04188725490196082 0.0694864864864865
4 0.2851552287581699 0.5043378378378379 0.06282679738562094 0.0783513513513513
4 0.31199346405228756 0.5057567567567568 0.042957516339869314 0.05475675675675673
4 0.39613153594771244 0.4881621621621622 0.026233660130718966 0.03864864864864868
4 0.4390563725490196 0.49481081081081074 0.019142156862745056 0.04545945945945952
4 0.35079656862745096 0.4857567567567568 0.05450163398692814 0.05924324324324321
4 0.4244117647058824 0.49702702702702706 0.017908496732026203 0.031081081081081083
