2 0.9209109477124182 0.751972972972973 0.1859558823529412 0.5176756756756756
2 0.3692606209150327 0.6486621621621621 0.15938725490196076 0.2945135135135135
0 0.7104656862745097 0.5151351351351352 0.01645424836601306 0.16648648648648648
2 0.7134313725490196 0.5806486486486486 0.08759803921568629 0.19848648648648648
2 0.685984477124183 0.5521891891891892 0.06389705882352945 0.14189189189189189
2 0.4875816993464052 0.5535810810810811 0.0625 0.13937837837837844
2 0.5108455882352941 0.5362837837837838 0.04407679738562095 0.10672972972972967
2 0.6636315359477125 0.538027027027027 0.0452532679738562 0.11367567567567569
2 0.5600285947712419 0.5128513513513513 0.03551470588235296 0.07781081081081079
4 0.6244076797385621 0.48856756756756753 0.043439542483660096 0.09302702702702699
4 0.13548202614379085 0.5237702702702703 0.049395424836601316 0.045162162162162185
4 0.677593954248366 0.4674594594594595 0.05450163398692814 0.05643243243243242
4 0.739718137254902 0.47028378378378377 0.042589869281045745 0.045162162162162185
