0 0.17161356209150327 0.7561756756756756 0.19512254901960788 0.5038648648648649
0 0.8124591503267974 0.6041351351351352 0.04815359477124178 0.35616216216216223
0 0.21462418300653593 0.6883648648648648 0.04225490196078431 0.45878378378378376
3 0.3688398692810458 0.6223243243243243 0.0627450980392157 0.3285945945945946
0 0.6752369281045751 0.5437162162162162 0.024918300653594773 0.263
0 0.48687499999999995 0.5430810810810811 0.019746732026143757 0.19962162162162167
0 0.4387377450980392 0.5357567567567567 0.020416666666666673 0.17535135135135133
0 0.4645343137254902 0.5267837837837838 0.013888888888888888 0.15935135135135128
0 0.5873937908496732 0.5132162162162162 0.016830065359477144 0.1738378378378379
4 0.5346037581699347 0.5041216216216217 0.0645343137254902 0.1320810810810811
