2 0.5022998366013073 0.5351621621621622 0.03714869281045745 0.1162702702702703
2 0.8726919934640522 0.7196621621621621 0.2823937908496732 0.5822972972972973
2 0.7580555555555555 0.6475810810810811 0.1800326797385621 0.33894594594594596
2 0.6906821895424836 0.5953378378378379 0.15592320261437911 0.23056756756756758
2 0.41272058823529406 0.5156216216216216 0.02630718954248365 0.05540540540540541
2 0.29070669934640525 0.5938513513513514 0.08718137254901959 0.16662162162162164
2 0.6043055555555555 0.533 0.0933660130718954 0.12783783783783786
2 0.5740400326797386 0.5192972972972972 0.07015522875816985 0.092972972972973
6 0.5506045751633988 0.4949189189189189 0.05473856209150327 0.08372972972972978
2 0.3704003267973856 0.5072972972972972 0.031094771241830067 0.06599999999999996
2 0.3853349673202614 0.5067027027027028 0.025343137254901994 0.05664864864864867
2 0.34713643790849674 0.5046891891891893 0.019910130718954252 0.04932432432432433
4 0.45547794117647056 0.47589189189189185 0.04428921568627454 0.06767567567567566
