2 0.43875 0.5593513513513513 0.02225490196078432 0.06718918918918915
6 0.481454248366013 0.5473648648648649 0.02802287581699352 0.09035135135135137
7 0.3516217320261438 0.5127297297297297 0.0704656862745098 0.12783783783783786
4 0.16569852941176472 0.5406486486486487 0.043439542483660144 0.10145945945945944
4 0.23931372549019606 0.5195405405405406 0.020457516339869298 0.06486486486486487
4 0.4082393790849673 0.5237432432432433 0.043439542483660096 0.0901891891891892
4 0.5388235294117647 0.5103378378378378 0.03447712418300657 0.04645945945945945
4 0.8364787581699346 0.551472972972973 0.015931372549019517 0.05181081081081078
4 0.5743913398692811 0.5163378378378379 0.02930555555555556 0.03170270270270267
4 0.6084395424836602 0.5194729729729729 0.02709150326797383 0.03548648648648655
4 0.6430187908496733 0.5215945945945947 0.03193627450980395 0.03767567567567567
4 0.6954983660130719 0.532635135135135 0.026683006535947688 0.03489189189189188
4 0.7742075163398693 0.5437972972972972 0.01243464052287584 0.04164864864864864
4 0.8730187908496733 0.5596081081081081 0.024632352941176546 0.06997297297297293
4 0.9193341503267973 0.562027027027027 0.033112745098039194 0.06567567567567563
4 0.9978349673202613 0.5569459459459459 0.03031045751633998 0.08016216216216215
4 0.7385334967320261 0.5336756756756756 0.02303104575163394 0.05583783783783783
4 0.6716380718954249 0.5181351351351351 0.035776143790849646 0.06205405405405408
4 0.8027001633986928 0.5491081081081082 0.04428921568627454 0.10145945945945944
4 0.9554534313725489 0.5547297297297298 0.05535130718954248 0.12399999999999999
