2 0.1643423202614379 0.7653648648648649 0.3286846405228758 0.49089189189189186
2 0.39189133986928104 0.7445675675675676 0.2366421568627451 0.521891891891892
2 0.8898243464052288 0.7721486486486486 0.24812908496732028 0.47732432432432437
2 0.5385988562091504 0.5909729729729729 0.10074346405228754 0.22962162162162156
2 0.6264011437908497 0.5098108108108108 0.04172385620915037 0.10702702702702702
2 0.7520138888888889 0.5655270270270271 0.05873366013071894 0.16721621621621624
4 0.6641462418300653 0.4699189189189189 0.02048202614379089 0.05513513513513515
4 0.7131699346405229 0.49574324324324326 0.021797385620914992 0.05991891891891889
4 0.6646282679738562 0.46966216216216217 0.019109477124183087 0.05305405405405404
4 0.683296568627451 0.46099999999999997 0.015498366013071918 0.04481081081081084
