2 0.5596241830065359 0.5008378378378379 0.025310457516339886 0.05832432432432428
1 0.1938970588235294 0.4650945945945946 0.3509640522875817 0.5058648648648649
2 0.5896364379084966 0.5042027027027027 0.0338316993464052 0.07964864864864865
2 0.37789624183006537 0.6538243243243244 0.17209967320261435 0.3235945945945945
2 0.13341503267973856 0.6943243243243242 0.2668300653594771 0.39929729729729724
2 0.40934640522875815 0.5261351351351352 0.02895424836601307 0.06713513513513514
7 0.5069485294117647 0.46900000000000003 0.04902777777777777 0.08162162162162159
4 0.7105310457516341 0.4433108108108108 0.12447712418300655 0.03635135135135132
4 0.9251307189542485 0.4507027027027027 0.1698692810457515 0.051675675675675686
4 0.4073897058823529 0.47308108108108116 0.01620098039215685 0.03389189189189187
