2 0.10166666666666668 0.5976486486486486 0.1655228758169935 0.20124324324324327
2 0.5843709150326797 0.5159324324324324 0.033284313725490206 0.08991891891891894
2 0.6707679738562091 0.47968918918918924 0.03872549019607841 0.04451351351351351
0 0.4613316993464052 0.4978108108108108 0.007352941176470588 0.06843243243243241
2 0.7455433006535949 0.47585135135135137 0.04325980392156857 0.0515945945945946
6 0.8860825163398693 0.45904054054054055 0.050874183006535935 0.0625135135135135
4 0.22473039215686275 0.5104594594594595 0.05950980392156863 0.04151351351351355
4 0.521343954248366 0.4809594594594594 0.07459967320261433 0.027216216216216275
4 0.8259395424836602 0.46478378378378377 0.034362745098039264 0.03578378378378381
4 0.7963112745098039 0.47731081081081084 0.012802287581699313 0.053594594594594626
4 0.632062908496732 0.4885810810810811 0.023014705882353 0.08175675675675675
