2 0.25071486928104575 0.7217432432432432 0.21026960784313725 0.4199189189189189
2 0.7314256535947712 0.6997432432432432 0.19459967320261443 0.4137027027027027
6 0.33896650326797384 0.5744324324324325 0.12131535947712418 0.3328108108108109
2 0.6432516339869281 0.6132567567567568 0.12375816993464053 0.25240540540540546
2 0.6075571895424836 0.5556081081081081 0.055816993464052236 0.15505405405405406
6 0.19905228758169932 0.5026621621621622 0.20344771241830065 0.24164864864864863
2 0.6255964052287581 0.5183648648648649 0.06630718954248363 0.14927027027027023
6 0.5128758169934641 0.4869594594594595 0.026209150326797326 0.09164864864864863
6 0.6937377450980392 0.4689729729729729 0.11144607843137262 0.1403243243243243
2 0.4192442810457516 0.5040945945945946 0.0300408496732026 0.06867567567567566
4 0.4705637254901961 0.4816351351351351 0.030032679738562083 0.07759459459459461
4 0.5523611111111112 0.44597297297297295 0.03374183006535944 0.09681081081081079
