2 0.5117687908496732 0.5466081081081081 0.05049836601307185 0.13564864864864865
2 0.32687908496732027 0.5990135135135135 0.15501633986928107 0.22727027027027027
2 0.3778022875816993 0.5472432432432432 0.08552287581699347 0.14216216216216215
2 0.3977941176470588 0.5296351351351352 0.0832352941176471 0.12089189189189194
2 0.4206699346405229 0.5072837837837838 0.06741830065359476 0.08737837837837842
6 0.4497140522875817 0.4735 0.057614379084967304 0.09921621621621624
0 0.863235294117647 0.759527027027027 0.11792483660130722 0.5025675675675675
2 0.7790482026143791 0.6988108108108109 0.21174019607843142 0.37421621621621626
2 0.6694281045751634 0.6066756756756756 0.10790849673202609 0.2114594594594594
2 0.6275612745098039 0.5505675675675676 0.07892973856209151 0.185945945945946
0 0.573312908496732 0.5177702702702702 0.013341503267973797 0.09867567567567573
2 0.6777165032679738 0.5171216216216216 0.08620098039215686 0.11008108108108106
2 0.10331699346405228 0.6205945945945947 0.20663398692810456 0.2755675675675677
2 0.21900735294117646 0.5630135135135135 0.12079248366013073 0.18067567567567575
2 0.5076756535947712 0.5082027027027027 0.029256535947712374 0.08824324324324326
2 0.2725735294117647 0.5465675675675676 0.07480392156862745 0.14383783783783782
6 0.7854248366013072 0.5004189189189189 0.1301143790849673 0.16262162162162166
2 0.04560457516339869 0.5555945945945946 0.09120915032679738 0.1896756756756757
4 0.31165032679738564 0.46605405405405403 0.03066993464052289 0.07048648648648645
