2 0.0841625816993464 0.7699864864864865 0.1683251633986928 0.48164864864864865
2 0.870281862745098 0.761972972972973 0.2872140522875817 0.49767567567567567
2 0.3980433006535948 0.5387702702702702 0.04375000000000001 0.09267567567567574
0 0.5621282679738562 0.5156216216216216 0.01553104575163398 0.111945945945946
2 0.4634722222222222 0.5091486486486486 0.05388888888888892 0.06105405405405406
2 0.3090808823529412 0.533054054054054 0.06621732026143787 0.07481081081081083
2 0.1256495098039216 0.5627297297297297 0.08523692810457517 0.14367567567567566
2 0.5522303921568628 0.5009864864864865 0.05671568627450977 0.05732432432432435
1 0.45310049019607845 0.4796216216216216 0.07058006535947711 0.1207027027027027
4 0.3563316993464052 0.5181216216216216 0.007696078431372562 0.05078378378378376
