3 0.09579248366013071 0.677972972972973 0.13349673202614376 0.4598378378378379
6 0.39252859477124186 0.5111351351351352 0.09932189542483659 0.24005405405405403
3 0.5396936274509804 0.5404324324324324 0.036331699346405254 0.14762162162162162
0 0.846421568627451 0.5567837837837838 0.02849673202614379 0.22459459459459458
0 0.770657679738562 0.5445405405405406 0.02412581699346403 0.1928108108108108
8 0.704187091503268 0.5537972972972973 0.04257352941176472 0.13851351351351351
8 0.6943464052287581 0.5551486486486487 0.04302287581699353 0.1218108108108108
2 0.3212908496732026 0.529864864864865 0.07401960784313727 0.0831351351351352
4 0.5746160130718954 0.48013513513513517 0.02215686274509804 0.05924324324324329
4 0.22186683006535948 0.5322162162162163 0.08768790849673204 0.12962162162162164
