2 0.5033986928104576 0.5337297297297298 0.03952614379084967 0.12367567567567572
2 0.9922181372549019 0.771891891891892 0.04334150326797382 0.47783783783783784
2 0.34369689542483656 0.5551216216216216 0.056527777777777774 0.10889189189189187
2 0.6767728758169934 0.5710540540540541 0.14687908496732024 0.22545945945945942
2 0.6102287581699347 0.5432972972972973 0.10248366013071891 0.14091891891891895
2 0.5933047385620915 0.5148108108108108 0.07208333333333335 0.11475675675675678
6 0.5670874183006536 0.4977972972972973 0.06897875816993469 0.10851351351351345
2 0.5550204248366013 0.5037702702702702 0.054044117647058805 0.07056756756756753
2 0.3423978758169935 0.5164054054054054 0.04129901960784314 0.08243243243243244
6 0.4503717320261438 0.4723243243243243 0.02474673202614376 0.07459459459459458
2 0.3640890522875817 0.5085540540540541 0.03249183006535946 0.06889189189189192
2 0.411078431372549 0.4988378378378378 0.021078431372548983 0.0412972972972973
2 0.3174591503267974 0.5097162162162162 0.025833333333333337 0.05991891891891896
2 0.12687500000000002 0.5165675675675676 0.03265522875816993 0.06794594594594591
