2 0.23008986928104574 0.5774054054054054 0.12490196078431372 0.14605405405405403
2 0.3975531045751634 0.5359864864864865 0.0713153594771242 0.10629729729729726
2 0.21908088235294115 0.5457972972972973 0.09674019607843139 0.11554054054054054
2 0.40018382352941173 0.5134324324324324 0.05013888888888889 0.0847567567567568
6 0.47667075163398687 0.4951621621621622 0.029256535947712468 0.06708108108108106
2 0.4925449346405229 0.5094864864864864 0.04366830065359481 0.07540540540540543
2 0.5919444444444444 0.4914459459459459 0.02078431372549015 0.044837837837837846
4 0.722859477124183 0.45235135135135135 0.08158496732026145 0.030108108108108073
4 0.9094158496732027 0.4546081081081081 0.207312091503268 0.0212162162162162
4 0.566531862745098 0.47308108108108116 0.0247140522875817 0.03389189189189187
4 0.6354697712418301 0.47309459459459463 0.034926470588235295 0.045162162162162185
