2 0.48682598039215685 0.5266216216216216 0.029942810457516414 0.09032432432432437
2 0.08091911764705882 0.7860945945945946 0.16183823529411764 0.4548378378378378
2 0.2436764705882353 0.5983243243243244 0.10542483660130716 0.17616216216216218
2 0.3576552287581699 0.6252162162162163 0.1044281045751634 0.2200540540540541
2 0.3230187908496732 0.5573108108108108 0.06066176470588235 0.11527027027027029
2 0.4006168300653595 0.548445945945946 0.046299019607843196 0.09770270270270272
6 0.4331781045751634 0.49205405405405406 0.033120915032679756 0.12459459459459465
2 0.05086192810457517 0.6183648648648649 0.10172385620915034 0.2201351351351351
2 0.20828839869281046 0.5648918918918918 0.07884803921568627 0.11383783783783785
2 0.2660375816993464 0.5367297297297297 0.059297385620915063 0.1032972972972973
4 0.4510866013071895 0.495527027027027 0.02307189542483661 0.05375675675675672
