2 0.9976102941176471 0.7269864864864866 0.032557189542483586 0.4956486486486487
2 0.8671486928104574 0.6009189189189188 0.27769607843137245 0.5229729729729728
5 0.7044812091503269 0.6966486486486486 0.3037826797385621 0.255945945945946
2 0.6330065359477124 0.588972972972973 0.19251633986928104 0.2423783783783783
3 0.025772058823529412 0.7198378378378377 0.051544117647058824 0.4833513513513514
2 0.5351266339869281 0.5787567567567568 0.12075980392156858 0.1663783783783783
5 0.5550694444444444 0.5942297297297298 0.11290032679738567 0.18018918918918916
5 0.6421609477124183 0.5012432432432432 0.05190359477124181 0.13778378378378375
2 0.29632352941176476 0.5820945945945946 0.07102941176470588 0.12478378378378382
2 0.20386029411764703 0.5905675675675676 0.049223856209150305 0.1293513513513513
1 0.19209558823529413 0.5200135135135134 0.05937091503267973 0.22845945945945947
4 0.12879493464052286 0.5300270270270271 0.016723856209150324 0.06437837837837844
4 0.1455187908496732 0.5276351351351352 0.00994281045751633 0.024351351351351327
4 0.03320669934640523 0.7293108108108108 0.06641339869281046 0.5575945945945946
4 0.07761437908496732 0.5448648648648649 0.07833333333333332 0.10427027027027022
