2 0.4999183006535948 0.516472972972973 0.026062091503267954 0.08299999999999995
1 0.5680351307189543 0.48393243243243245 0.04731209150326795 0.0841891891891892
1 0.11122549019607841 0.5011756756756757 0.22245098039215683 0.4455405405405406
2 0.28349264705882354 0.546918918918919 0.04758986928104575 0.08518918918918922
2 0.3617197712418301 0.5193918918918919 0.02608660130718955 0.05483783783783781
5 0.36917075163398694 0.4944189189189189 0.021576797385620888 0.07267567567567564
4 0.43268790849673205 0.48355405405405405 0.011993464052287633 0.02689189189189186
4 0.41839460784313726 0.49812162162162166 0.01270424836601308 0.023162162162162145
4 0.318031045751634 0.5237702702702703 0.021307189542483645 0.05078378378378376
4 0.24909313725490195 0.5505135135135135 0.03151960784313724 0.05924324324324329
