2 0.779795751633987 0.7447567567567568 0.27727124183006546 0.532108108108108
2 0.05612336601307189 0.7664864864864865 0.11224673202614378 0.48864864864864865
2 0.11138480392156863 0.7026486486486487 0.22276960784313726 0.4351891891891892
2 0.11860702614379086 0.6314054054054055 0.23721405228758172 0.4011351351351351
2 0.1857312091503268 0.6189324324324325 0.1886846405228758 0.2338648648648648
2 0.2791339869281046 0.600027027027027 0.15351307189542485 0.19113513513513514
2 0.3151307189542484 0.579081081081081 0.1352124183006536 0.1775675675675676
2 0.32615196078431374 0.5695270270270271 0.10380718954248366 0.16689189189189188
2 0.33868055555555554 0.5466351351351352 0.1245343137254902 0.15040540540540542
2 0.3655351307189542 0.5366486486486487 0.08641339869281049 0.1124864864864865
2 0.39327205882352945 0.5165675675675676 0.07391339869281048 0.11367567567567569
3 0.47221813725490186 0.5081621621621621 0.006642156862745095 0.05664864864864867
2 0.5818872549019608 0.5710675675675676 0.05645424836601309 0.14754054054054055
2 0.6472834967320262 0.532027027027027 0.09994281045751638 0.1348108108108108
2 0.5890563725490197 0.509418918918919 0.0593709150326798 0.08797297297297292
2 0.527859477124183 0.5105675675675676 0.021192810457516385 0.05340540540540538
4 0.4406985294117647 0.5085540540540541 0.026544117647058833 0.04002702702702703
4 0.4943259803921569 0.4871891891891892 0.006674836601307156 0.0174054054054054
4 0.46440767973856206 0.4913783783783784 0.043439542483660096 0.03670270270270266
4 0.5133455882352942 0.4871621621621622 0.027263071895424842 0.05643243243243242
