2 0.1301062091503268 0.6411486486486486 0.17348039215686278 0.27694594594594585
2 0.28655228758169937 0.5688918918918919 0.08013071895424835 0.1341621621621622
7 0.5898161764705881 0.463445945945946 0.030089869281045786 0.09316216216216217
2 0.3421895424836601 0.5365675675675675 0.0538235294117647 0.12291891891891897
2 0.3701756535947713 0.5383378378378378 0.03866830065359476 0.08424324324324328
2 0.3889665032679739 0.5258108108108108 0.040236928104575166 0.08945945945945945
2 0.42056781045751634 0.5189324324324324 0.029027777777777757 0.0625135135135135
4 0.46138071895424837 0.49755405405405406 0.019640522875816965 0.0401891891891892
4 0.6265277777777778 0.4674594594594594 0.010245098039215656 0.06205405405405408
4 0.6661029411764705 0.4744864864864865 0.007696078431372515 0.06486486486486487
