2 0.6776143790849674 0.618527027027027 0.12465686274509807 0.2549999999999999
2 0.5233823529411765 0.5012432432432432 0.05874183006535955 0.06778378378378382
0 0.4044035947712418 0.5210945945945946 0.012254901960784314 0.11900000000000001
3 0.7180759803921568 0.5341621621621622 0.05510620915032674 0.14216216216216215
2 0.6794117647058824 0.4858918918918919 0.057614379084967304 0.07081081081081078
2 0.8239011437908497 0.47705405405405404 0.07538398692810447 0.06837837837837833
6 0.983672385620915 0.46727027027027024 0.060433006535947735 0.08940540540540544
2 0.33727124183006535 0.518527027027027 0.051911764705882324 0.07045945945945944
2 0.22509803921568625 0.522472972972973 0.04648692810457519 0.06597297297297296
2 0.4908823529411765 0.49436486486486486 0.017957516339869296 0.040675675675675704
2 0.4628186274509804 0.4945675675675676 0.020882352941176425 0.04151351351351348
4 0.5880433006535949 0.47755405405405404 0.010106209150326801 0.02689189189189186
4 0.5691993464052288 0.4707027027027027 0.007271241830065341 0.018054054054054074
4 0.0640032679738562 0.5477027027027027 0.08854575163398692 0.09302702702702707
