2 0.20910130718954248 0.670445945945946 0.14923202614379083 0.2685135135135136
2 0.6112214052287581 0.5760810810810811 0.0895833333333334 0.2061081081081081
2 0.3034477124183006 0.6064324324324324 0.09256535947712419 0.17124324324324328
2 0.36590686274509804 0.5525945945945946 0.057222222222222195 0.13891891891891894
2 0.38960375816993464 0.5421486486486486 0.04321078431372548 0.10159459459459452
2 0.5281454248366013 0.5001081081081081 0.016633986928104586 0.04794594594594597
4 0.4387214052287582 0.5141216216216217 0.020383986928104614 0.04029729729729729
4 0.46634395424836605 0.5091486486486486 0.021151960784313716 0.04299999999999999
4 0.4926102941176471 0.4845810810810811 0.011233660130718954 0.02991891891891898
4 0.021290849673202612 0.6166621621621622 0.042581699346405225 0.0901891891891892
4 0.5622794117647059 0.4745 0.03833333333333339 0.05359459459459455
4 0.6661070261437909 0.4702702702702703 0.08768790849673205 0.06767567567567573
4 1.004044117647059 0.4336891891891892 0.01805555555555548 0.17467567567567566
