2 0.6708251633986927 0.5791486486486487 0.11880718954248362 0.2755945945945945
2 0.10911764705882353 0.7874054054054055 0.21823529411764706 0.4468108108108108
2 0.23524918300653594 0.6778513513513513 0.19214869281045754 0.3401891891891892
2 0.448031045751634 0.5090810810810811 0.03580065359477119 0.08167567567567567
2 0.623827614379085 0.5484189189189189 0.06327614379084961 0.14256756756756755
2 0.603312908496732 0.5234324324324324 0.04758986928104575 0.12367567567567572
2 0.5920220588235294 0.5093648648648649 0.036740196078431396 0.0955945945945946
2 0.4928104575163399 0.4829459459459459 0.01838235294117647 0.04572972972972977
4 0.5176429738562092 0.46712162162162163 0.02494281045751632 0.0272162162162162
4 0.5435539215686274 0.46747297297297297 0.009395424836601307 0.03954054054054053
4 0.5699387254901961 0.48856756756756753 0.0247140522875817 0.07048648648648652
