2 0.8389542483660132 0.7546486486486487 0.34986928104575166 0.5123243243243243
2 0.6811274509803922 0.6763378378378379 0.1644444444444445 0.365972972972973
2 0.603031045751634 0.5903108108108108 0.08844771241830064 0.2164054054054054
2 0.4125490196078432 0.5562162162162162 0.05697712418300659 0.14864864864864866
2 0.5740359477124183 0.551 0.050473856209150306 0.13270270270270268
2 0.5486519607843137 0.5322972972972972 0.0343790849673203 0.09529729729729736
2 0.5318055555555556 0.5153243243243244 0.026078431372548987 0.07086486486486486
5 0.5278880718954249 0.4768783783783784 0.030498366013071834 0.11975675675675676
4 0.47977124183006536 0.4917432432432432 0.012745098039215612 0.033270270270270276
4 0.46261437908496733 0.4958243243243243 0.01450980392156862 0.03629729729729724
