0 0.9968545751633988 0.6169864864864864 0.03406862745098043 0.6472702702702702
3 0.11646650326797386 0.7291216216216215 0.1731781045751634 0.5633783783783783
2 0.848063725490196 0.7307162162162162 0.33165032679738565 0.5601891891891893
2 0.6711315359477125 0.6235405405405405 0.1558741830065359 0.4108108108108107
2 0.610547385620915 0.5489054054054054 0.09606209150326801 0.2689459459459459
2 0.5826184640522876 0.5427162162162162 0.056936274509803965 0.16456756756756752
0 0.5426838235294118 0.48760810810810806 0.013341503267973797 0.10575675675675675
0 0.5464746732026143 0.4914324324324324 0.011707516339869222 0.10194594594594594
2 0.445796568627451 0.49331081081081085 0.02424019607843134 0.08024324324324324
0 0.49909313725490195 0.4851081081081081 0.008447712418300586 0.06718918918918915
2 0.37737336601307186 0.5453648648648649 0.055171568627451005 0.12813513513513514
2 0.11176879084967321 0.7726756756756756 0.22353758169934643 0.47627027027027025
2 0.24312500000000004 0.6581216216216216 0.16427287581699346 0.3107837837837838
2 0.3226470588235294 0.5788648648648649 0.09439542483660132 0.20524324324324325
