2 0.9471854575163399 0.7834864864864864 0.133406862745098 0.4546486486486486
2 0.8844240196078432 0.689445945945946 0.25892973856209145 0.6427297297297297
6 0.4560825163398693 0.521391891891892 0.04515522875816992 0.16381081081081078
6 0.7846772875816993 0.4739864864864865 0.2068382352941176 0.2593783783783784
2 0.2939011437908497 0.5575135135135135 0.0679656862745098 0.12691891891891888
2 0.21790032679738566 0.5366486486486487 0.08522875816993464 0.17356756756756755
2 0.3900980392156863 0.5089189189189189 0.03526143790849675 0.09232432432432432
2 0.5977328431372549 0.5232162162162163 0.0638807189542484 0.11762162162162157
2 0.4827614379084968 0.4824729729729729 0.027663398692810467 0.07991891891891897
6 0.5131535947712418 0.4549189189189189 0.029313725490196074 0.10378378378378379
2 0.6426633986928104 0.5130810810810811 0.0666666666666666 0.12416216216216215
6 0.9642361111111111 0.45304054054054055 0.09930555555555552 0.19100000000000003
1 0.47750000000000004 0.4411486486486487 0.029689542483660156 0.14586486486486486
5 0.1440808823529412 0.5893378378378379 0.135531045751634 0.09883783783783782
2 0.0855392156862745 0.5736756756756757 0.11037581699346405 0.13545945945945947
2 0.013427287581699344 0.5763378378378379 0.02685457516339869 0.11040540540540539
5 0.03253267973856209 0.5734189189189189 0.06506535947712418 0.11440540540540543
5 0.014885620915032679 0.5258378378378379 0.029771241830065357 0.1142162162162162
