0 0.3000857843137255 0.5682027027027028 0.023929738562091473 0.22781081081081078
3 0.9606413398692811 0.6068378378378378 0.10649509803921561 0.3448108108108108
2 0.1677328431372549 0.6117432432432431 0.1869362745098039 0.25737837837837835
2 0.4939705882352941 0.5273108108108109 0.09993464052287576 0.1108918918918919
6 0.7179861111111111 0.488472972972973 0.0821160130718955 0.1135945945945946
2 0.581045751633987 0.49817567567567567 0.02596405228758177 0.06062162162162156
2 0.3529656862745098 0.5257297297297296 0.05710784313725493 0.08929729729729728
2 0.4717606209150326 0.5028108108108109 0.02223039215686268 0.05010810810810808
2 0.43809232026143785 0.5035135135135136 0.026249999999999996 0.05129729729729727
4 0.5452573529411765 0.4857567567567567 0.023014705882353 0.031081081081081083
