2 0.18453022875816993 0.7789459459459459 0.27584150326797385 0.46372972972972976
2 0.048946078431372546 0.7898513513513513 0.09789215686274509 0.4419189189189189
2 0.7399591503267974 0.5768378378378378 0.1496078431372549 0.26291891891891894
2 0.3400653594771242 0.6270675675675675 0.1137418300653595 0.24970270270270267
2 0.4033700980392157 0.5813108108108108 0.06285130718954253 0.15337837837837837
2 0.4233210784313725 0.5650675675675675 0.05093954248366015 0.12397297297297298
2 0.5662622549019608 0.5486081081081081 0.04714869281045755 0.13429729729729736
2 0.7233946078431372 0.5325945945945946 0.16286764705882356 0.17729729729729735
2 0.5820383986928104 0.5412972972972973 0.053325163398692796 0.10837837837837844
2 0.6126266339869281 0.5238513513513513 0.0551388888888889 0.10051351351351351
4 0.44866421568627446 0.5336216216216216 0.034076797385620944 0.06486486486486487
