2 0.49506944444444445 0.5074864864864865 0.019648692810457478 0.06183783783783783
2 0.43593137254901965 0.5385675675675676 0.0400653594771242 0.10405405405405406
2 0.6893668300653596 0.6740405405405405 0.15981209150326797 0.3553783783783783
2 0.6172549019607843 0.6013648648648648 0.10168300653594774 0.253108108108108
2 0.5867769607843136 0.5641891891891891 0.0629983660130719 0.19302702702702706
2 0.5556740196078431 0.5372297297297297 0.04406045751633992 0.1124594594594595
2 0.532467320261438 0.5120405405405405 0.02395424836601302 0.07056756756756753
2 0.5459681372549019 0.5254594594594594 0.034485294117647086 0.09848648648648647
2 0.3463398692810457 0.526918918918919 0.052565359477124166 0.06454054054054052
2 0.2784272875816993 0.5279459459459459 0.05925653594771244 0.06729729729729732
0 0.6360702614379085 0.5287162162162162 0.0194444444444445 0.18959459459459455
