2 0.6022753267973856 0.49539189189189187 0.025351307189542555 0.06943243243243243
2 0.5398080065359477 0.5055405405405405 0.0379493464052288 0.08091891891891892
2 0.3086233660130719 0.5513378378378379 0.061184640522875804 0.10883783783783779
2 0.413484477124183 0.5217702702702703 0.030482026143790853 0.06694594594594597
7 0.5128513071895425 0.4664324324324324 0.05202614379084972 0.0847027027027027
4 0.2552083333333333 0.5347027027027027 0.027312091503267934 0.03416216216216213
4 0.4495424836601307 0.5031351351351351 0.017107843137254948 0.04491891891891893
4 0.5740359477124183 0.4855 0.017352941176470595 0.04527027027027027
4 0.7073815359477125 0.4448243243243243 0.12343954248366015 0.03483783783783788
4 0.9278267973856208 0.44922972972972974 0.16741830065359464 0.043054054054054075
4 0.1971854575163399 0.5617702702702703 0.0757761437908497 0.0761351351351351
4 0.8005637254901962 0.4533648648648649 0.08258169934640526 0.05078378378378376
