2 0.12499183006535948 0.7577162162162163 0.24998366013071896 0.5061891891891892
2 0.32901552287581703 0.7470945945945946 0.2763316993464052 0.5274324324324324
2 0.881736111111111 0.7764189189189189 0.26430555555555557 0.46878378378378377
2 0.497218137254902 0.5932162162162162 0.1074754901960784 0.24275675675675668
2 0.5844648692810458 0.5050945945945946 0.042475490196078436 0.10770270270270269
2 0.7131086601307189 0.5608918918918919 0.05808006535947715 0.16891891891891891
2 0.7087050653594771 0.5526351351351351 0.0439950980392157 0.11997297297297294
4 0.6736111111111112 0.475554054054054 0.028349673202614417 0.08083783783783782
4 0.6324877450980392 0.4688513513513513 0.035776143790849646 0.047972972972972976
4 0.6068913398692811 0.49866216216216214 0.02301470588235291 0.05721621621621626
