2 0.9454493464052288 0.5726891891891891 0.13687908496732024 0.3429459459459459
2 0.032258986928104576 0.7635945945945946 0.06451797385620915 0.4944324324324324
2 0.08162990196078432 0.7098378378378378 0.16325980392156864 0.427945945945946
2 0.13694444444444445 0.6217297297297297 0.2738888888888889 0.37864864864864856
2 0.2756944444444444 0.5596216216216217 0.16918300653594773 0.22151351351351345
2 0.3007066993464052 0.560527027027027 0.15280228758169934 0.1613783783783784
2 0.1904901960784314 0.5975945945945946 0.22552287581699348 0.24621621621621628
2 0.4091013071895425 0.5127837837837839 0.08037581699346401 0.08302702702702702
2 0.8786805555555557 0.5231621621621622 0.12607026143790853 0.17199999999999996
2 0.5892401960784314 0.5231216216216217 0.0862254901960784 0.10137837837837835
4 0.5039787581699346 0.4871621621621622 0.010245098039215656 0.07329729729729731
