2 0.1669934640522876 0.5939594594594594 0.07393790849673203 0.1648378378378378
6 0.1332638888888889 0.5518513513513513 0.0668545751633987 0.14327027027027026
2 0.20087418300653595 0.5865 0.053725490196078425 0.10727027027027027
2 0.5996282679738563 0.5263108108108109 0.039223856209150317 0.07808108108108112
5 0.6665645424836601 0.49859459459459454 0.012459150326797386 0.057243243243243265
4 0.035706699346405225 0.5799594594594595 0.061135620915032676 0.06116216216216215
4 0.2703063725490196 0.5347972972972973 0.013619281045751648 0.04191891891891889
4 0.7415032679738562 0.4898783783783784 0.033071895424836614 0.04251351351351356
4 0.7653635620915034 0.481527027027027 0.014191176470588238 0.05824324324324327
4 0.7026960784313725 0.4942027027027028 0.0110947712418301 0.053594594594594626
4 0.7963153594771242 0.4955945945945946 0.04173202614379088 0.06767567567567566
