2 0.767062908496732 0.6553378378378378 0.24662581699346398 0.3355945945945946
2 0.11339460784313725 0.6473648648648648 0.2267892156862745 0.2918648648648648
2 0.6982230392156863 0.6253513513513513 0.18825980392156869 0.25459459459459466
2 0.14631535947712415 0.5957567567567568 0.18370915032679738 0.23886486486486486
2 0.17902369281045752 0.572027027027027 0.17806372549019608 0.22486486486486484
2 0.2310580065359477 0.5563378378378379 0.1310375816993464 0.21278378378378382
2 0.248578431372549 0.5318243243243242 0.10124183006535949 0.1484054054054054
2 0.38659313725490196 0.5172567567567568 0.032238562091503296 0.06927027027027026
4 0.9304411764705883 0.5568378378378378 0.05009803921568622 0.08556756756756763
4 0.3227124183006536 0.49616216216216213 0.010163398692810502 0.032864864864864854
4 0.36135212418300655 0.5012702702702703 0.0181781045751634 0.0374594594594595
