2 0.5136560457516339 0.5952432432432433 0.06487745098039213 0.17854054054054055
2 0.1992075163398693 0.5744324324324324 0.09581699346405231 0.15189189189189187
3 0.7795629084967319 0.5941216216216216 0.10732843137254902 0.25289189189189193
6 0.5906290849673203 0.5317567567567567 0.06576797385620915 0.21172972972972967
0 0.37558823529411767 0.5769594594594595 0.02070261437908495 0.24294594594594598
6 0.29252450980392153 0.5302837837837837 0.0531372549019608 0.10943243243243238
2 0.3777941176470588 0.5569054054054055 0.08723856209150324 0.1401891891891892
2 0.4034395424836601 0.5472567567567568 0.07942810457516337 0.09678378378378372
2 0.42577614379084966 0.5317432432432433 0.05776143790849672 0.08208108108108109
2 0.446421568627451 0.5147297297297297 0.042516339869281106 0.05562162162162165
2 0.49090686274509804 0.5423513513513514 0.035490196078431416 0.10729729729729734
2 0.29328022875816995 0.5210945945945946 0.04744281045751633 0.07127027027027029
4 0.4724959150326798 0.4772972972972973 0.03747549019607844 0.06486486486486487
4 0.5248325163398693 0.4787027027027027 0.03322712418300659 0.06767567567567566
