2 0.22088643790849674 0.6787432432432432 0.16066176470588237 0.2926756756756756
2 0.3053513071895425 0.6152837837837837 0.09475490196078433 0.18072972972972967
2 0.3482516339869281 0.5845675675675677 0.06122549019607843 0.1369189189189189
2 0.377859477124183 0.5622432432432433 0.049950980392156855 0.10551351351351357
2 0.7185457516339869 0.48398648648648646 0.10952614379084963 0.1366216216216216
2 0.6969812091503268 0.47675675675675677 0.0730964052287582 0.1287027027027027
2 0.6756331699346404 0.48614864864864865 0.0787009803921569 0.11559459459459455
2 1.0007230392156863 0.40687837837837837 0.026331699346405245 0.1268378378378378
2 0.9764093137254902 0.41005405405405404 0.07495915032679738 0.12794594594594588
2 0.9595179738562092 0.4172297297297297 0.1087418300653594 0.10791891891891894
2 0.9355964052287582 0.42650000000000005 0.11545751633986923 0.1017027027027027
2 0.40729983660130714 0.5467027027027027 0.038423202614379065 0.08351351351351345
2 0.5644158496732027 0.524418918918919 0.039338235294117625 0.10040540540540542
4 0.504125816993464 0.4931351351351352 0.013300653594771313 0.03864864864864868
4 0.44707516339869285 0.5163108108108108 0.031013071895424866 0.0477567567567568
4 0.530796568627451 0.5085405405405405 0.01865196078431376 0.05113513513513518
4 0.6367401960784312 0.4941891891891892 0.052794117647058825 0.06486486486486487
