2 0.4911192810457517 0.548972972972973 0.04647058823529411 0.124972972972973
2 0.14264297385620914 0.7786486486486487 0.2852859477124183 0.46432432432432436
2 0.26671160130718957 0.7593513513513515 0.2222467320261438 0.4673513513513514
2 0.14718954248366015 0.7041756756756755 0.178202614379085 0.34213513513513505
2 0.215984477124183 0.632054054054054 0.14239379084967319 0.24313513513513507
2 0.3176348039215686 0.5665 0.09907679738562095 0.1474324324324324
2 0.34036356209150326 0.5481486486486487 0.09126633986928102 0.14105405405405405
2 0.37272467320261443 0.5339324324324325 0.06544934640522872 0.0924054054054054
2 0.445796568627451 0.5327162162162162 0.03765522875816996 0.08883783783783784
2 0.40305555555555556 0.5110135135135134 0.06057189542483659 0.07732432432432429
2 0.8661764705882353 0.7597432432432433 0.2954248366013072 0.5021351351351351
2 0.5676838235294118 0.5556351351351352 0.05441993464052289 0.13429729729729728
1 0.5577246732026143 0.45768918918918916 0.06020424836601312 0.23429729729729729
0 0.616421568627451 0.5156486486486487 0.011437908496732025 0.1319459459459459
2 0.09040032679738562 0.5719459459459459 0.12093137254901959 0.1363783783783784
2 0.4954411764705882 0.5200540540540541 0.029395424836601323 0.08875675675675676
2 0.25343137254901965 0.5225675675675676 0.049460784313725505 0.08064864864864865
4 0.44781454248366015 0.4674594594594594 0.02386437908496735 0.06205405405405408
