2 0.33302287581699347 0.5976351351351351 0.0661764705882353 0.14251351351351357
2 0.5661601307189542 0.5352837837837838 0.04993464052287582 0.12402702702702699
2 0.3669444444444444 0.5715 0.052516339869281024 0.10900000000000003
2 0.39834558823529415 0.5404459459459459 0.038341503267973864 0.10040540540540542
2 0.4112826797385621 0.530391891891892 0.03140522875816993 0.07791891891891888
6 0.9090032679738561 0.4227567567567568 0.09209150326797388 0.13567567567567573
2 0.04153186274509804 0.618472972972973 0.08306372549019608 0.10845945945945945
2 0.07929738562091504 0.6091486486486486 0.09844771241830065 0.11862162162162167
4 0.47015522875816995 0.49433783783783775 0.014869281045751671 0.036405405405405405
4 0.5194852941176471 0.491472972972973 0.013839869281045795 0.04024324324324321
4 0.4930800653594771 0.4843648648648648 0.008562091503267989 0.026621621621621606
4 0.44500816993464054 0.5087972972972973 0.013480392156862746 0.040405405405405374
4 0.9921037581699347 0.43227027027027026 0.04188725490196077 0.10427027027027022
4 0.6286601307189542 0.4491486486486487 0.08258169934640516 0.05359459459459455
4 0.7137581699346405 0.4576081081081081 0.0213071895424836 0.05359459459459455
