2 0.2845506535947712 0.5580810810810811 0.14679738562091504 0.22459459459459458
2 0.32465686274509803 0.5428243243243244 0.1231862745098039 0.15899999999999995
2 0.6847303921568627 0.47267567567567564 0.05455882352941174 0.12108108108108104
2 0.7247589869281046 0.47912162162162164 0.04888071895424831 0.08543243243243247
2 0.3554656862745098 0.5297702702702702 0.09857843137254904 0.11337837837837843
2 0.3641544117647059 0.5262297297297298 0.07652777777777779 0.10472972972972973
2 0.3760253267973856 0.5082297297297298 0.09089052287581699 0.11181081081081075
4 0.4497140522875817 0.4737162162162162 0.03949346405228761 0.04537837837837835
4 0.6255555555555556 0.45301351351351354 0.02261437908496728 0.0408378378378378
4 0.5422753267973857 0.46322972972972976 0.035776143790849646 0.047972972972972976
4 0.7695098039215686 0.44494594594594594 0.04939542483660134 0.06205405405405408
4 0.5090849673202614 0.46183783783783783 0.010245098039215656 0.06205405405405408
