2 0.8593341503267974 0.5869594594594594 0.309109477124183 0.4745135135135135
2 0.9910008169934642 0.4451081081081081 0.04577614379084965 0.12513513513513516
2 0.3253962418300653 0.5736891891891891 0.0843872549019608 0.19802702702702704
2 0.39267565359477125 0.5768108108108109 0.09835784313725494 0.2308108108108108
2 0.7264746732026144 0.46283783783783783 0.12028594771241831 0.14751351351351347
2 0.8193872549019608 0.4428378378378379 0.060179738562091474 0.1032972972972973
6 0.92218545751634 0.41977027027027025 0.07270424836601308 0.12202702702702696
2 0.8546200980392158 0.43664864864864866 0.0671160130718955 0.09405405405405408
2 0.36552287581699344 0.5523243243243243 0.06482026143790848 0.14010810810810811
2 0.5554901960784314 0.4932972972972973 0.03714052287581693 0.0875135135135135
2 0.5029656862745098 0.49848648648648647 0.026683006535947778 0.06854054054054058
2 0.4695261437908497 0.46893243243243243 0.027630718954248408 0.04197297297297298
