2 0.4977941176470588 0.5432702702702702 0.044689542483660076 0.12016216216216219
2 0.06735702614379084 0.7616621621621622 0.13471405228758168 0.4982972972972973
2 0.3098651960784313 0.5723108108108108 0.15030228758169933 0.2573783783783784
2 0.34421977124183006 0.5500810810810811 0.1057271241830065 0.2146486486486487
2 0.3773692810457516 0.5387837837837839 0.0814705882352941 0.12032432432432436
2 0.400093954248366 0.5183243243243243 0.07620098039215689 0.12886486486486487
6 0.5586356209150327 0.4803243243243243 0.051160130718954255 0.15821621621621626
2 0.4904983660130719 0.5106756756756756 0.028202614379084952 0.08464864864864871
6 0.15300245098039217 0.6680270270270271 0.30600490196078434 0.613945945945946
1 0.09261029411764707 0.47533783783783784 0.18522058823529414 0.32289189189189194
4 0.45435457516339867 0.4863648648648648 0.032238562091503296 0.03721621621621624
