2 0.8477287581699345 0.7688513513513514 0.3323202614379085 0.48391891891891897
2 0.12261029411764705 0.6625675675675676 0.2452205882352941 0.32443243243243247
2 0.2414828431372549 0.5904864864864865 0.16825980392156864 0.20621621621621616
2 0.2902532679738562 0.5818648648648649 0.16264705882352942 0.18243243243243243
2 0.3059109477124183 0.5631891891891891 0.13798202614379085 0.16070270270270273
2 0.6846119281045752 0.6521621621621622 0.14708333333333332 0.34324324324324323
2 0.5818790849673203 0.5557162162162163 0.051764705882352956 0.12105405405405403
2 0.35274509803921567 0.5604054054054054 0.10073529411764706 0.13870270270270268
6 0.3660171568627451 0.5361756756756757 0.08584150326797385 0.14208108108108106
6 0.5382312091503267 0.4877162162162162 0.026576797385620892 0.09337837837837833
2 0.42470179738562097 0.5072837837837838 0.05523692810457517 0.061756756756756744
2 0.43682189542483657 0.4988378378378378 0.04999999999999999 0.06886486486486483
6 0.5275735294117647 0.47789189189189185 0.019264705882352882 0.07621621621621619
4 0.48951388888888886 0.4759189189189189 0.07322712418300653 0.05643243243243242
