2 0.2012091503267974 0.771391891891892 0.3287745098039216 0.4788378378378378
2 0.7713848039215686 0.716081081081081 0.3142565359477124 0.5894594594594594
2 0.6494975490196078 0.6663783783783784 0.13675653594771242 0.327081081081081
5 0.3742933006535948 0.6419864864864865 0.0701062091503268 0.1532702702702702
2 0.40298202614379086 0.5800405405405406 0.06485294117647063 0.1582432432432432
2 0.586781045751634 0.5950540540540541 0.09068627450980392 0.19708108108108105
2 0.44812908496732023 0.5183378378378378 0.02455882352941172 0.06889189189189192
2 0.5255065359477125 0.5099054054054054 0.02383986928104571 0.0657027027027027
4 0.4821977124183007 0.4821621621621622 0.007156862745098032 0.020108108108108102
4 0.5011683006535949 0.48836486486486486 0.01349673202614387 0.041324324324324306
4 0.4673856209150326 0.4998378378378378 0.02215686274509804 0.07048648648648645
