2 0.1721078431372549 0.7540405405405406 0.3442156862745098 0.5135405405405405
2 0.8945547385620914 0.7645135135135135 0.23866830065359476 0.4925945945945946
2 0.7068218954248366 0.7643918918918918 0.22065359477124186 0.4928378378378378
2 0.3249264705882353 0.7083648648648649 0.14712418300653593 0.3988378378378378
2 0.38140114379084966 0.623418918918919 0.09159313725490197 0.22564864864864875
2 0.6093709150326797 0.6122027027027027 0.09939542483660137 0.2413783783783784
2 0.568733660130719 0.5794594594594594 0.06485294117647059 0.1684864864864865
2 0.4399591503267974 0.5487702702702704 0.04029411764705877 0.10975675675675672
2 0.45802287581699347 0.5225810810810811 0.034248366013071956 0.11218918918918924
2 0.47398284313725486 0.5210945945945946 0.03053104575163399 0.09116216216216214
4 0.5147998366013072 0.5143108108108108 0.036331699346405254 0.050513513513513505
