2 0.1242892156862745 0.7626621621621622 0.248578431372549 0.49629729729729727
3 0.37685457516339865 0.5689864864864865 0.037009803921568635 0.22159459459459463
3 0.40405637254901966 0.5701486486486486 0.02904411764705883 0.20272972972972977
2 0.36021650326797383 0.5632702702702702 0.06883169934640523 0.1348108108108108
3 0.4325204248366013 0.5250405405405405 0.016642156862745103 0.11289189189189192
2 0.42588235294117643 0.5230405405405406 0.036290849673202626 0.06889189189189192
2 0.5357312091503268 0.5113108108108109 0.02558006535947708 0.06948648648648643
2 0.8419281045751634 0.7389189189189188 0.343921568627451 0.5437837837837838
4 0.5120383986928104 0.4793513513513514 0.01528594771241833 0.03918918918918919
4 0.5805759803921569 0.5026351351351351 0.013651960784313756 0.12116216216216212
4 0.5618504901960784 0.4801216216216216 0.015351307189542546 0.053594594594594626
