2 0.5218178104575163 0.5749324324324324 0.06531862745098034 0.1906756756756757
2 0.4394076797385621 0.5415675675675675 0.06360294117647056 0.16545945945945945
2 0.528235294117647 0.523972972972973 0.04307189542483653 0.1331891891891892
2 0.9932720588235293 0.45613513513513515 0.041233660130718976 0.19205405405405407
2 0.943202614379085 0.45151351351351354 0.13689542483660128 0.16929729729729726
4 0.0534109477124183 0.5588243243243243 0.04441993464052288 0.07943243243243248
4 0.14582107843137257 0.5391756756756757 0.10265522875816994 0.045918918918918944
4 0.3532720588235294 0.495027027027027 0.02610294117647058 0.04043243243243238
4 0.6054861111111112 0.4653378378378379 0.03623366013071888 0.035324324324324384
4 0.842328431372549 0.4468648648648649 0.06794117647058821 0.08054054054054056
4 0.22611928104575163 0.5167162162162162 0.08258169934640523 0.05359459459459455
