0 0.5894199346405229 0.5241486486486486 0.009362745098039152 0.0884594594594595
5 0.07546568627450981 0.564027027027027 0.05772875816993464 0.11059459459459464
2 0.1956658496732026 0.5699594594594595 0.08062908496732024 0.12700000000000003
2 0.16357434640522875 0.564472972972973 0.07839052287581698 0.119054054054054
2 0.3305351307189543 0.5297837837837838 0.03558006535947714 0.06594594594594597
4 0.5482393790849673 0.504054054054054 0.011952614379084963 0.062054054054054
4 0.6469566993464052 0.49982432432432433 0.09535130718954252 0.05359459459459455
4 0.7273774509803921 0.5744324324324325 0.13194444444444445 0.13524324324324322
4 0.5703594771241829 0.5125135135135135 0.011944444444444448 0.06205405405405408
4 0.4886683006535948 0.4956216216216216 0.018758169934640554 0.028270270270270292
