3 0.7141952614379085 0.5948648648648649 0.05824346405228765 0.335081081081081
0 0.6235580065359476 0.5450675675675676 0.020318627450980394 0.23132432432432434
8 0.8875000000000002 0.6919729729729729 0.05702614379084964 0.26643243243243236
8 0.9362132352941178 0.6944459459459459 0.059305555555555486 0.24386486486486483
0 0.9546895424836601 0.5968918918918918 0.04642156862745093 0.3816216216216216
0 0.7836070261437909 0.5706756756756758 0.027704248366013137 0.2530810810810811
0 0.7597099673202614 0.5581216216216216 0.02327614379084968 0.2243513513513513
0 0.2571813725490196 0.5516891891891892 0.023790849673202618 0.19397297297297292
0 0.3160825163398693 0.5473513513513513 0.025138888888888874 0.19162162162162164
6 0.47883986928104566 0.4765135135135135 0.047450980392156894 0.12367567567567565
4 0.08612336601307188 0.5786486486486486 0.1651388888888889 0.1718378378378378
4 0.26015931372549017 0.5589594594594595 0.08428921568627448 0.11554054054054054
4 0.3614338235294117 0.5012432432432432 0.03322712418300655 0.13524324324324322
4 0.42951797385620916 0.5082837837837838 0.05194444444444443 0.10991891891891896
4 0.6597222222222222 0.574445945945946 0.030669934640522846 0.11835135135135133
4 0.6414256535947712 0.49982432432432433 0.023014705882353 0.07613513513513517
4 0.9891013071895424 0.6053918918918919 0.022156862745098135 0.21970270270270267
