2 0.28173611111111113 0.5579459459459459 0.11067810457516337 0.13837837837837835
2 0.3175 0.5468513513513513 0.08916666666666666 0.10991891891891889
3 0.9584517973856209 0.5256621621621622 0.09585784313725484 0.3234864864864865
3 0.8273570261437908 0.5170270270270271 0.05012254901960777 0.2174594594594595
3 0.774048202614379 0.517445945945946 0.016478758169934608 0.16067567567567573
2 0.7250490196078432 0.4689459459459459 0.02464052287581697 0.058000000000000024
4 0.491172385620915 0.49252702702702705 0.014746732026143846 0.04018918918918912
4 0.46313316993464054 0.47871621621621624 0.035776143790849646 0.05078378378378384
4 0.6601470588235294 0.4716756756756757 0.07918300653594777 0.06486486486486487
4 0.8848243464052288 0.459027027027027 0.06556372549019608 0.0902162162162162
