2 0.5134681372549019 0.5743783783783784 0.05370098039215688 0.16859459459459458
2 0.781952614379085 0.6510135135135136 0.19544117647058826 0.3902972972972973
2 0.6303472222222223 0.5619999999999999 0.09115196078431377 0.1587027027027027
2 0.5918586601307189 0.5423378378378378 0.07665849673202618 0.1086756756756757
2 0.32743055555555556 0.5770675675675675 0.07804738562091505 0.16056756756756757
2 0.4157352941176471 0.532391891891892 0.04031045751633985 0.08759459459459458
2 0.1942361111111111 0.6017162162162162 0.11984477124183004 0.16564864864864862
2 0.26454656862745096 0.5599054054054053 0.07097222222222223 0.14478378378378376
2 0.4675245098039216 0.513027027027027 0.027434640522875756 0.051459459459459435
2 0.3422222222222222 0.5366081081081081 0.04980392156862748 0.08845945945945943
2 0.40593954248366015 0.5250135135135136 0.04078431372549021 0.05970270270270271
2 0.04776960784313725 0.5956081081081082 0.0955392156862745 0.17035135135135127
2 0.06665441176470588 0.5547027027027027 0.11397875816993464 0.10983783783783788
2 0.5498161764705881 0.4982702702702703 0.019893790849673222 0.04054054054054054
