0 0.22908088235294116 0.49839189189189187 0.016495098039215686 0.12629729729729736
2 0.22499999999999998 0.48436486486486485 0.055604575163398694 0.14159459459459456
2 0.26788398692810456 0.49645945945945946 0.05519607843137255 0.10302702702702704
2 0.3226143790849673 0.4877162162162162 0.06351307189542485 0.08786486486486492
6 0.4630596405228758 0.47539189189189185 0.05845588235294114 0.1054864864864865
2 0.4870261437908497 0.4767297297297297 0.04352941176470586 0.07021621621621618
2 0.5232516339869281 0.4729594594594595 0.0457516339869281 0.07332432432432431
2 0.5505024509803922 0.47921621621621624 0.049828431372548936 0.05697297297297293
2 0.5743627450980392 0.4809594594594594 0.03625816993464052 0.05710810810810817
2 0.5946977124183007 0.47901351351351357 0.04132352941176474 0.0538648648648648
2 0.6158864379084967 0.47478378378378383 0.04760620915032678 0.05551351351351349
6 0.6495138888888888 0.4626756756756757 0.048897058823529335 0.07578378378378384
2 0.6688398692810458 0.4679459459459459 0.043120915032679716 0.05124324324324327
2 0.684109477124183 0.46556756756756756 0.03735294117647061 0.04664864864864862
4 0.25973447712418296 0.4547972972972973 0.2995996732026144 0.08175675675675675
4 0.7337581699346404 0.46321621621621617 0.08343137254901961 0.07048648648648652
4 0.9316952614379085 0.4322567567567568 0.1627369281045752 0.05359459459459455
