2 0.49156862745098046 0.5080810810810811 0.020081699346405264 0.06318918918918917
2 0.3765645424836601 0.6112567567567568 0.09026960784313721 0.2153243243243243
2 0.8973161764705883 0.7648648648648648 0.2331454248366013 0.4918918918918919
2 0.7672303921568627 0.7432297297297298 0.29050653594771253 0.5351621621621622
2 0.646421568627451 0.6365135135135135 0.11836601307189543 0.34356756756756757
2 0.5747017973856209 0.562027027027027 0.06309640522875809 0.1575675675675675
2 0.5372998366013072 0.5242432432432432 0.029861111111111074 0.08616216216216215
2 0.5579942810457517 0.5427027027027027 0.046299019607843196 0.12951351351351348
2 0.31583741830065365 0.5408378378378379 0.06394607843137258 0.07713513513513512
2 0.23490196078431372 0.5440405405405406 0.0719607843137255 0.08051351351351349
2 0.522843137254902 0.5083648648648649 0.020228758169934632 0.056081081081081084
0 0.6926756535947712 0.5620540540540541 0.031315359477124216 0.28767567567567565
4 0.4214297385620914 0.5026351351351351 0.03236928104575164 0.05359459459459455
