2 0.4855065359477124 0.5241351351351351 0.027663398692810467 0.08345945945945944
2 0.10017565359477124 0.6431621621621623 0.20035130718954247 0.3000000000000001
5 0.2154248366013072 0.758364864864865 0.12947712418300655 0.2612162162162162
2 0.28816584967320263 0.6567972972972973 0.14468137254901958 0.28251351351351345
2 0.25924019607843135 0.5830945945945946 0.08549019607843136 0.13083783783783784
2 0.3812009803921569 0.5672162162162162 0.05861111111111107 0.13118918918918918
2 0.33546160130718955 0.5416216216216216 0.047459150326797366 0.10594594594594592
2 0.4067647058823529 0.54 0.03928104575163397 0.09005405405405412
2 0.4277573529411765 0.5337162162162162 0.02755718954248372 0.06591891891891888
5 0.4442075163398693 0.4992297297297297 0.020849673202614365 0.07694594594594595
6 0.2404656862745098 0.5368513513513513 0.07578431372549019 0.14343243243243242
