2 0.13383578431372548 0.7377837837837838 0.2222140522875817 0.3867567567567567
2 0.35947712418300654 0.6323783783783784 0.09650326797385621 0.23254054054054052
2 0.24995506535947712 0.6530675675675676 0.12920751633986927 0.24867567567567564
3 0.6865645424836602 0.6164594594594593 0.09494281045751637 0.26616216216216215
2 0.9603186274509803 0.5493918918918919 0.10714052287581707 0.27527027027027023
3 0.7182352941176471 0.6360405405405405 0.10478758169934639 0.3135405405405404
2 0.4268096405228758 0.5518378378378379 0.040220588235294084 0.1145945945945946
2 0.4566421568627452 0.5184729729729729 0.016274509803921536 0.04943243243243241
2 0.5544566993464052 0.5314864864864866 0.07489379084967317 0.09762162162162163
2 0.5265849673202614 0.5149864864864865 0.0518464052287582 0.0716486486486487
6 0.40244281045751634 0.5628513513513513 0.06531045751633982 0.19386486486486493
