2 0.5039379084967319 0.5973243243243243 0.08692810457516338 0.2718918918918919
2 0.9039991830065358 0.7405540540540541 0.21977941176470586 0.5405135135135135
2 0.7717401960784314 0.6290135135135135 0.23553921568627448 0.4098648648648649
2 0.7108496732026143 0.5925405405405406 0.15426470588235297 0.24589189189189195
2 0.07671568627450981 0.5822297297297298 0.15343137254901962 0.25748648648648653
6 0.4418218954248366 0.4843378378378378 0.022924836601307237 0.06186486486486491
0 0.5974183006535948 0.5136891891891892 0.015800653594771175 0.13045945945945941
0 0.7898733660130719 0.49699999999999994 0.009354575163398637 0.12145945945945953
0 0.7756985294117646 0.49677027027027026 0.004959150326797427 0.08624324324324323
4 0.3968627450980392 0.4942027027027028 0.014689542483660145 0.047324324324324374
