2 0.9344975490196079 0.736527027027027 0.15878267973856203 0.5485675675675675
2 0.7671813725490196 0.7189189189189189 0.25936274509803925 0.4836756756756757
2 0.6321323529411765 0.5884459459459459 0.08890522875816988 0.22889189189189188
2 0.29837418300653595 0.6136081081081081 0.09189542483660128 0.1908378378378378
2 0.40712009803921567 0.536472972972973 0.029714052287581703 0.07245945945945946
2 0.5370057189542483 0.5037702702702702 0.026740196078431387 0.07018918918918919
2 0.4189093137254902 0.5269189189189188 0.02678921568627448 0.06108108108108107
4 0.48078022875816984 0.4820675675675676 0.040743464052287584 0.0608918918918919
4 0.5133619281045751 0.4826351351351351 0.009828431372548997 0.03251351351351352
4 0.4518790849673202 0.4987837837837838 0.01620915032679741 0.02972972972972973
4 0.5571732026143791 0.4674594594594594 0.0213071895424836 0.03389189189189187
4 0.6490849673202614 0.459027027027027 0.0281209150326798 0.05643243243243242
