2 0.536548202614379 0.5356756756756756 0.028063725490196097 0.07183783783783787
6 0.4008292483660131 0.5204054054054055 0.08048202614379084 0.10697297297297301
2 0.36016748366013074 0.5669594594594595 0.09798202614379085 0.11894594594594592
2 0.3422426470588235 0.5675810810810811 0.10087418300653592 0.13564864864864865
2 0.2578717320261438 0.6107432432432433 0.16291666666666665 0.19110810810810805
2 0.135796568627451 0.6727432432432433 0.271593137254902 0.29532432432432437
2 0.7149959150326797 0.7443243243243243 0.24809640522875814 0.532972972972973
2 0.15838235294117647 0.7986081081081081 0.31676470588235295 0.4244054054054054
1 0.5246364379084967 0.5061216216216216 0.02933823529411762 0.0864594594594594
4 0.4989093137254902 0.5018378378378379 0.012818627450980344 0.03470270270270271
4 0.4604084967320261 0.5058783783783785 0.027303921568627418 0.0457567567567567
