2 0.9613684640522877 0.6775810810810811 0.10504084967320257 0.6664594594594595
2 0.8358619281045752 0.7428513513513514 0.3560539215686274 0.5359189189189189
2 0.5906944444444444 0.6008918918918918 0.10233660130718954 0.21918918918918917
3 0.3514828431372549 0.5759594594594595 0.028112745098039234 0.19640540540540538
2 0.2981004901960784 0.6074324324324324 0.08133169934640519 0.17691891891891895
2 0.5311846405228758 0.5428648648648648 0.06709150326797386 0.16670270270270265
2 0.47702205882352944 0.5344054054054054 0.038782679738562115 0.0918918918918919
2 0.35337418300653595 0.5350810810810811 0.029787581699346387 0.07497297297297292
2 0.4522222222222222 0.5202837837837838 0.02699346405228755 0.06921621621621625
0 0.33678104575163403 0.5069189189189189 0.009281045751633951 0.07405405405405399
0 0.3306781045751634 0.5186621621621621 0.0063071895424836825 0.07424324324324325
3 0.3787050653594771 0.5592837837837837 0.025645424836601344 0.17013513513513512
4 0.41377450980392155 0.49982432432432433 0.02215686274509804 0.05359459459459455
