2 0.8740073529411765 0.7813108108108108 0.2797630718954248 0.459
2 0.07098039215686275 0.7688378378378379 0.1419607843137255 0.483945945945946
2 0.11122549019607841 0.6918513513513513 0.22245098039215683 0.3560810810810811
2 0.16108660130718955 0.6342702702702703 0.22818627450980394 0.3002702702702703
2 0.6286029411764705 0.6171081081081081 0.12006535947712421 0.25075675675675685
2 0.29812091503267973 0.5910540540540541 0.16186274509803922 0.17929729729729732
2 0.5762990196078432 0.5472837837837838 0.05751633986928103 0.12132432432432429
2 0.3086274509803921 0.5671216216216216 0.12191176470588237 0.1618648648648649
2 0.3288643790849673 0.5384864864864866 0.09771241830065357 0.1575135135135135
2 0.5428921568627451 0.5038918918918919 0.02929738562091495 0.08356756756756761
4 0.43138071895424834 0.4966081081081081 0.05379084967320259 0.07137837837837836
4 0.47636437908496726 0.47420270270270265 0.03704248366013074 0.028405405405405457
4 0.507937091503268 0.4645135135135135 0.017753267973856224 0.021729729729729707
4 0.5244035947712418 0.48717567567567566 0.02215686274509804 0.045162162162162185
