3 0.7860743464052288 0.5833513513513513 0.0978676470588235 0.45302702702702696
3 0.6311560457516341 0.5184729729729729 0.01951797385620914 0.1537567567567568
0 0.6473856209150327 0.5133108108108109 0.014346405228758125 0.1158108108108108
0 0.6628267973856209 0.511445945945946 0.012026143790849602 0.11575675675675678
5 0.6606699346405228 0.5272432432432432 0.013921568627450951 0.06702702702702698
3 0.5931944444444444 0.5030270270270271 0.00929738562091503 0.08227027027027027
4 0.9239950980392155 0.47264864864864864 0.15501633986928107 0.03918918918918919
4 0.9774754901960785 0.5746486486486486 0.07112745098039211 0.06772972972972974
4 0.5861029411764705 0.4702702702702703 0.10300653594771236 0.039513513513513523
4 0.7180147058823528 0.504054054054054 0.062156862745098074 0.07329729729729731
4 0.49888071895424846 0.4843513513513514 0.03748366013071895 0.022648648648648635
4 0.403562091503268 0.4913783783783784 0.018758169934640505 0.031081081081081083
