2 0.2980065359477124 0.6686216216216215 0.15795751633986932 0.298
2 0.13774101307189546 0.7148513513513514 0.20059640522875818 0.31737837837837835
2 0.5406944444444444 0.5265135135135135 0.035604575163398725 0.09810810810810813
2 0.37425245098039217 0.5898243243243244 0.07023692810457514 0.1576486486486487
2 0.6771527777777778 0.4999864864864865 0.11718137254901957 0.11770270270270274
2 0.657843137254902 0.4814459459459459 0.09787581699346411 0.13483783783783787
6 0.8629861111111111 0.4273513513513514 0.10358660130718961 0.11945945945945943
4 0.5024918300653595 0.49141891891891887 0.007401960784313774 0.026837837837837778
4 0.4363766339869281 0.518581081081081 0.0479983660130719 0.07705405405405404
4 0.4841911764705883 0.4893783783783784 0.010931372549019604 0.025621621621621595
4 0.7784395424836601 0.4449324324324324 0.10130718954248366 0.08456756756756763
4 0.5733374183006535 0.47871621621621624 0.03662581699346399 0.056405405405405416
4 0.6205759803921569 0.4998378378378378 0.06811274509803922 0.06486486486486487
