2 0.6052736928104575 0.5980675675675675 0.08873366013071897 0.19251351351351348
2 0.06959150326797386 0.747081081081081 0.13918300653594773 0.4455135135135134
2 0.18540032679738563 0.6443648648648649 0.23387254901960783 0.25537837837837846
2 0.2607761437908497 0.6060540540540541 0.15468954248366013 0.18102702702702708
2 0.2975326797385621 0.5858648648648648 0.12915032679738567 0.1623783783783784
2 0.5532598039215687 0.551972972972973 0.05194444444444448 0.11762162162162165
2 0.37676062091503265 0.5527297297297297 0.0894362745098039 0.10259459459459462
2 0.3798733660130719 0.5238918918918919 0.06012254901960782 0.09983783783783783
2 0.5241053921568627 0.5065 0.020759803921568693 0.06391891891891886
4 0.4681372549019608 0.5072567567567567 0.08609477124183015 0.08943243243243244
