2 0.22966911764705883 0.5379594594594594 0.100547385620915 0.10894594594594595
6 0.3770016339869281 0.4946486486486486 0.06535947712418301 0.09535135135135135
0 0.7185130718954249 0.541527027027027 0.018186274509803913 0.19159459459459463
2 0.3947998366013072 0.5120675675675675 0.06383169934640517 0.08737837837837834
2 0.4963153594771242 0.5038243243243243 0.04307189542483662 0.06770270270270273
4 0.5712091503267973 0.48349999999999993 0.05901960784313726 0.04564864864864869
4 0.6523039215686275 0.48393243243243245 0.027532679738562035 0.04256756756756757
4 0.6899959150326798 0.47586486486486484 0.011250000000000078 0.03183783783783784
4 0.8717279411764705 0.4657972972972973 0.24193627450980393 0.04132432432432438
4 0.04682598039215686 0.5364324324324324 0.09365196078431372 0.16059459459459455
