2 0.48817401960784323 0.5523648648648649 0.04683823529411768 0.12624324324324318
2 0.1637826797385621 0.773418918918919 0.3275653594771242 0.4747837837837838
2 0.30562091503267974 0.7086486486486487 0.17127450980392156 0.37410810810810813
2 0.1885375816993464 0.6667297297297298 0.15859477124183005 0.2858918918918918
2 0.2430800653594771 0.6118648648648648 0.13037581699346404 0.2140540540540541
2 0.32538398692810455 0.5607567567567568 0.09312091503267976 0.13643243243243242
2 0.34685049019607844 0.5444189189189189 0.08618464052287582 0.1320810810810811
2 0.3756290849673202 0.5318513513513513 0.061993464052287575 0.087972972972973
2 0.4450163398692811 0.531 0.03607843137254899 0.08454054054054054
2 0.40338235294117647 0.5102702702702703 0.05862745098039215 0.07454054054054057
2 0.8411029411764706 0.7552972972972972 0.34557189542483663 0.5110270270270271
2 0.559375 0.5470675675675676 0.05033496732026145 0.12467567567567567
1 0.5509313725490196 0.4560540540540541 0.05735294117647063 0.2222162162162162
0 0.6086274509803922 0.5141216216216217 0.013071895424836602 0.12440540540540541
2 0.11303513071895427 0.5637297297297297 0.10941993464052288 0.1265945945945946
2 0.49266339869281045 0.5210135135135135 0.02952614379084966 0.08916216216216219
2 0.26088643790849675 0.5193108108108108 0.04651143790849674 0.07716216216216211
4 0.4448406862745098 0.47871621621621624 0.023014705882353 0.04516216216216211
