2 0.5103308823529411 0.6294324324324324 0.06245915032679742 0.17908108108108106
2 0.12982434640522875 0.6262702702702703 0.13183823529411764 0.19713513513513514
3 0.9036601307189542 0.7046216216216217 0.1638398692810457 0.3804864864864866
6 0.616017156862745 0.5726891891891891 0.08723039215686273 0.2688378378378378
0 0.3325898692810458 0.6519594594594595 0.028872549019607823 0.3359189189189189
6 0.24839869281045754 0.5753648648648648 0.07405228758169934 0.1385675675675676
2 0.3546282679738562 0.603608108108108 0.10415849673202615 0.17494594594594592
2 0.37041666666666667 0.601418918918919 0.09665032679738558 0.1342432432432433
2 0.39279820261437903 0.5887567567567568 0.0899101307189542 0.11670270270270272
2 0.4209272875816994 0.5735405405405406 0.06205065359477128 0.09545945945945944
2 0.4431127450980392 0.550472972972973 0.04656862745098039 0.062027027027027073
2 0.5756699346405229 0.5847162162162162 0.04499999999999994 0.10743243243243243
2 0.4940073529411764 0.5744594594594595 0.03458333333333337 0.10854054054054053
2 0.2722957516339869 0.5571216216216216 0.05490196078431372 0.08283783783783785
4 0.4661111111111111 0.5153108108108109 0.0281209150326798 0.05078378378378376
4 0.5358986928104575 0.5167297297297297 0.05194444444444448 0.05924324324324329
