2 0.7281454248366013 0.7218783783783783 0.23366013071895425 0.4685135135135135
3 0.24637254901960784 0.6767297297297297 0.0869934640522876 0.4384864864864864
2 0.2042565359477124 0.6851486486486487 0.16678104575163397 0.31100000000000005
2 0.581781045751634 0.5709594594594595 0.10684640522875814 0.25786486486486476
2 0.2705433006535948 0.6057162162162162 0.10943627450980391 0.21316216216216216
2 0.4991748366013072 0.5322297297297297 0.048464052287581647 0.11775675675675681
2 0.3496650326797386 0.5427297297297298 0.03941176470588236 0.09200000000000005
2 0.4708823529411765 0.516 0.030261437908496704 0.0825945945945946
0 0.3375898692810458 0.5057432432432433 0.010343137254901982 0.08813513513513517
0 0.3280718954248366 0.5176486486486486 0.00991830065359476 0.08843243243243243
3 0.32031045751633985 0.6360135135135134 0.06212418300653592 0.32737837837837835
4 0.4344934640522875 0.4810810810810811 0.013545751633986962 0.05837837837837844
4 0.3814787581699346 0.4959189189189189 0.0251797385620915 0.04475675675675676
4 0.4112214052287582 0.4899864864864865 0.025563725490196094 0.045162162162162185
