2 0.521748366013072 0.5772162162162162 0.0594771241830065 0.16167567567567565
0 0.830359477124183 0.5586891891891892 0.029689542483660063 0.23548648648648648
2 0.9435089869281046 0.5331621621621622 0.13138071895424833 0.12297297297297298
2 0.3202450980392157 0.5425135135135135 0.04535947712418299 0.08794594594594593
3 0.6438807189542483 0.5286216216216216 0.04545751633986927 0.11654054054054055
6 0.5516748366013072 0.512 0.03413398692810455 0.11929729729729727
0 0.4373161764705883 0.5302432432432432 0.01007352941176474 0.12043243243243244
6 0.3841789215686275 0.5155675675675675 0.023831699346405243 0.060000000000000046
2 0.4953431372549019 0.5485810810810812 0.03571895424836594 0.1087297297297297
4 0.4371813725490196 0.5251756756756757 0.07918300653594777 0.07613513513513517
4 0.348672385620915 0.5223378378378378 0.0247140522875817 0.053594594594594626
