2 0.5002450980392157 0.5137162162162162 0.022892156862745084 0.07202702702702704
2 0.6830596405228758 0.6665945945945946 0.16110294117647053 0.35567567567567565
2 0.06707516339869281 0.6586621621621622 0.13415032679738562 0.21667567567567572
2 0.6241584967320262 0.5951891891891892 0.09037581699346406 0.2281621621621622
0 0.5959681372549019 0.5153243243243244 0.012802287581699313 0.11643243243243247
2 0.5633946078431373 0.5340945945945946 0.04273692810457512 0.1102972972972973
2 0.5362745098039216 0.5011486486486487 0.02129084967320257 0.06829729729729732
2 0.35444852941176475 0.5571486486486485 0.04646241830065355 0.09570270270270269
2 0.3756535947712418 0.5423378378378378 0.03828431372549021 0.08883783783783784
2 0.39717728758169935 0.5257027027027027 0.03188725490196081 0.07156756756756753
