2 0.8699305555555557 0.8027297297297297 0.28791666666666665 0.4161621621621621
2 0.5708088235294119 0.5565135135135136 0.06361111111111112 0.16832432432432431
2 0.27457516339869287 0.5887162162162162 0.1427124183006536 0.182027027027027
2 0.30167075163398693 0.5776351351351351 0.15093954248366012 0.163
2 0.3671200980392157 0.5382567567567568 0.09961601307189544 0.13672972972972966
2 0.5455800653594771 0.5422297297297297 0.03503267973856209 0.09618918918918912
0 0.09324346405228758 0.5601621621621622 0.02014705882352941 0.20621621621621616
5 0.24216503267973855 0.6868513513513513 0.1127777777777778 0.21175675675675673
5 0.18295343137254902 0.723445945945946 0.09927287581699346 0.320027027027027
5 0.2733782679738562 0.6332837837837838 0.09691993464052287 0.2001351351351351
5 0.29849264705882356 0.6265675675675675 0.07780228758169937 0.17572972972972967
5 0.11100081699346406 0.7009054054054055 0.11399509803921569 0.3559189189189189
5 0.728876633986928 0.7673513513513514 0.17955065359477124 0.3761621621621621
4 0.44041258169934644 0.5066351351351351 0.04683823529411768 0.058621621621621614
4 0.479468954248366 0.4843243243243243 0.02926470588235289 0.034486486486486535
4 0.5166462418300654 0.5132027027027026 0.02293300653594766 0.058621621621621614
