2 1.0024795751633986 0.7103783783783785 0.022818627450980445 0.6008648648648649
2 0.048104575163398694 0.8135810810810811 0.09620915032679739 0.3944594594594594
2 0.62921977124183 0.6262702702702703 0.1204983660130719 0.265027027027027
2 0.35635212418300655 0.605554054054054 0.07554738562091505 0.16608108108108105
2 0.5598406862745098 0.5614054054054054 0.05164215686274513 0.13621621621621616
2 0.39445669934640526 0.5568378378378378 0.052916666666666695 0.1294054054054054
2 0.42035539215686274 0.5353108108108108 0.029387254901960806 0.0799189189189189
3 0.4669362745098039 0.512 0.006274509803921528 0.05021621621621617
3 0.47285539215686284 0.509472972972973 0.006021241830065363 0.04754054054054055
2 0.5309477124183006 0.5270135135135136 0.030261437908496704 0.08543243243243247
4 0.5044975490196079 0.4939189189189189 0.012998366013071963 0.029945945945945903
4 0.4456862745098039 0.5137162162162162 0.023905228758169927 0.04927027027027024
4 0.04639705882352941 0.7884324324324326 0.09279411764705882 0.43935135135135134
4 0.4941993464052287 0.5068783783783785 0.009395424836601307 0.045162162162162185
