2 0.10596813725490196 0.7417297297297297 0.21193627450980393 0.4080540540540541
2 0.15793709150326796 0.6699864864864865 0.27424019607843136 0.3015405405405405
2 0.19349264705882355 0.6365540540540541 0.22603758169934643 0.22386486486486482
2 0.26060049019607845 0.5954054054054053 0.14198529411764704 0.19918918918918915
2 0.6217565359477124 0.607472972972973 0.10833333333333335 0.24062162162162154
2 0.3591013071895425 0.5476891891891892 0.0959967320261438 0.12305405405405406
2 0.5600081699346405 0.5208243243243242 0.03867647058823532 0.10451351351351348
2 0.3745792483660131 0.5322972972972972 0.08100490196078429 0.09032432432432429
6 0.5282802287581699 0.46890540540540543 0.017017973856209092 0.06397297297297301
4 0.4402450980392157 0.4956216216216216 0.051519607843137256 0.06389189189189186
4 0.48232434640522875 0.4667972972972973 0.04687091503267974 0.03981081081081086
4 0.5171772875816995 0.47308108108108116 0.012802287581699313 0.028270270270270292
