2 0.07525735294117647 0.7672432432432432 0.15051470588235294 0.4871351351351352
2 0.6447589869281045 0.5831621621621621 0.09170751633986927 0.22254054054054054
2 0.18802696078431372 0.7516081081081082 0.22636437908496732 0.4044594594594595
2 0.2999264705882353 0.6482837837837838 0.1312908496732026 0.25624324324324316
2 0.4568300653594771 0.5381486486486486 0.03251633986928101 0.07597297297297294
2 0.613672385620915 0.5739864864864865 0.05394607843137253 0.1272162162162162
2 0.5976388888888888 0.5538513513513513 0.04080065359477129 0.11164864864864865
2 0.5881985294117648 0.5420405405405405 0.03208333333333332 0.08813513513513517
2 0.4982148692810458 0.5172837837837837 0.01749183006535945 0.04402702702702701
4 0.5475980392156863 0.49772972972972973 0.010539215686274583 0.026378378378378354
4 0.5169566993464052 0.5028108108108108 0.018047385620914964 0.022270270270270294
4 0.5724877450980392 0.5308108108108108 0.0247140522875817 0.05924324324324329
