2 0.8848733660130719 0.7545540540540541 0.25803104575163405 0.5125135135135135
2 0.06684232026143791 0.7101621621621621 0.13368464052287582 0.5196216216216216
2 0.14318627450980392 0.6576621621621621 0.28637254901960785 0.3434864864864865
2 0.17931781045751635 0.6197027027027027 0.1983088235294118 0.25621621621621626
2 0.2838194444444444 0.5560675675675676 0.11654411764705885 0.1695405405405406
2 0.3095261437908497 0.5540405405405405 0.11024509803921569 0.1402432432432432
6 0.33720996732026143 0.5233108108108108 0.1185702614379085 0.1700810810810811
2 0.6301511437908497 0.5294594594594594 0.0753513071895424 0.10686486486486485
2 0.5267524509803921 0.5139864864864865 0.031315359477124126 0.07186486486486487
4 0.4171813725490196 0.4856081081081081 0.04728758169934645 0.07397297297297299
4 0.45557598039215685 0.47167567567567564 0.029027777777777757 0.026594594594594605
4 0.49399509803921576 0.4828108108108108 0.025849673202614366 0.06437837837837844
