2 0.760514705882353 0.7491621621621621 0.22678104575163402 0.46394594594594585
2 0.15655228758169934 0.636 0.25919934640522874 0.26908108108108114
2 0.27504901960784317 0.5776486486486487 0.14593137254901964 0.1814594594594595
2 0.3139133986928105 0.5707027027027027 0.14441176470588235 0.16313513513513517
2 0.32658496732026143 0.5558648648648649 0.12437908496732027 0.14583783783783785
2 0.6589052287581699 0.6223108108108107 0.11779411764705888 0.2852162162162161
2 0.5790236928104575 0.5513648648648648 0.04736111111111113 0.111972972972973
2 0.36758986928104576 0.5527432432432432 0.09191176470588236 0.1271081081081081
6 0.3800980392156863 0.5352027027027028 0.07900326797385625 0.1315405405405406
6 0.5399591503267974 0.4884864864864865 0.025457516339869254 0.08989189189189187
2 0.4315482026143791 0.5089054054054054 0.05298202614379082 0.05937837837837837
4 0.46457924836601305 0.474918918918919 0.034812091503267986 0.05751351351351352
4 0.5097834967320262 0.48121621621621624 0.016282679738562143 0.02048648648648652
4 0.04341911764705882 0.8348783783783783 0.08683823529411765 0.34645945945945944
4 0.49419934640522883 0.4871621621621622 0.007696078431372515 0.028270270270270216
