2 0.49060866013071897 0.5059459459459459 0.0198774509803921 0.06254054054054058
2 0.4102042483660131 0.567 0.05947712418300655 0.1478378378378378
2 0.8397916666666666 0.7558243243243242 0.3481944444444445 0.509972972972973
2 0.6693055555555556 0.6632837837837838 0.16325163398692805 0.38348648648648653
2 0.6110620915032681 0.5921756756756758 0.08607843137254903 0.25754054054054054
2 0.5635743464052289 0.5482837837837838 0.05304738562091499 0.13445945945945945
2 0.5336764705882353 0.518581081081081 0.02697712418300652 0.07872972972972972
2 0.5494403594771242 0.534054054054054 0.0400898692810457 0.1142162162162162
2 0.32808006535947715 0.5292297297297297 0.05867647058823529 0.07110810810810811
2 0.25247957516339864 0.531 0.06616830065359473 0.07421621621621616
2 0.521062091503268 0.5020945945945946 0.019035947712418264 0.05283783783783787
0 0.6605187908496732 0.5424189189189189 0.02446895424836605 0.23548648648648648
