6 0.3656903594771242 0.5130405405405405 0.029681372549019595 0.1054864864864865
3 0.4352532679738562 0.6062567567567567 0.046290849673202634 0.2706216216216216
2 0.7356495098039215 0.7444054054054055 0.17907679738562088 0.5203783783783783
2 0.5731372549019608 0.6355135135135136 0.1438888888888889 0.29302702702702704
2 0.16068218954248367 0.662445945945946 0.14590686274509806 0.27445945945945943
6 0.22078022875816994 0.604472972972973 0.08961601307189543 0.21494594594594602
2 0.4880596405228758 0.5671621621621622 0.07700163398692811 0.1874594594594595
2 0.45927287581699344 0.5544054054054054 0.06214052287581695 0.14064864864864862
2 0.25119281045751635 0.5858648648648649 0.05294117647058824 0.13697297297297298
2 0.43173611111111104 0.5439324324324324 0.041642156862745076 0.10040540540540542
4 0.3005800653594771 0.49702702702702706 0.08343137254901961 0.05924324324324329
4 0.4005800653594771 0.5110945945945946 0.040032679738562046 0.08175675675675675
