2 0.497156862745098 0.5172162162162163 0.019248366013071852 0.06059459459459464
2 0.8343954248366012 0.776472972972973 0.35898692810457516 0.46867567567567564
2 0.6706903594771242 0.667472972972973 0.15368464052287584 0.3396486486486487
2 0.46124183006535946 0.5236351351351352 0.02200980392156858 0.06078378378378381
2 0.586609477124183 0.572472972972973 0.059068627450980356 0.15402702702702706
2 0.5652246732026144 0.5491216216216217 0.0508578431372549 0.13727027027027025
2 0.5399918300653596 0.5164189189189189 0.030294117647058857 0.07975675675675681
2 0.3760253267973856 0.5232972972972973 0.04205065359477127 0.05259459459459462
2 0.32016339869281046 0.5280945945945946 0.0472875816993464 0.0548918918918919
0 0.5974305555555556 0.5177972972972973 0.013570261437908415 0.12786486486486487
