2 0.29337826797385624 0.7115 0.209828431372549 0.46375675675675676
2 0.8189665032679738 0.7196351351351351 0.38984477124183003 0.5823513513513513
2 0.38241421568627454 0.6263918918918919 0.12110294117647065 0.2552162162162162
2 0.5645465686274511 0.5455675675675676 0.04667483660130719 0.11756756756756757
2 0.6508905228758171 0.6347972972972973 0.13594771241830064 0.30143243243243234
0 0.34325980392156863 0.5652432432432432 0.01697712418300656 0.22897297297297298
0 0.35304738562091503 0.5520405405405405 0.009509803921568616 0.18835135135135134
2 0.4659272875816994 0.5177837837837838 0.027050653594771254 0.08167567567567567
2 0.545298202614379 0.5223648648648648 0.030776143790849638 0.08386486486486487
0 0.35685049019607845 0.5566621621621621 0.012557189542483664 0.19208108108108107
4 0.519297385620915 0.498418918918919 0.020457516339869253 0.045162162162162185
