6 0.46835375816993463 0.49587837837837845 0.026576797385620892 0.0961891891891892
3 0.48561683006535944 0.5911621621621621 0.040743464052287584 0.27313513513513515
2 0.9223039215686275 0.7703513513513512 0.18316993464052292 0.4809189189189189
2 0.06154820261437908 0.780635135135135 0.12309640522875816 0.4603513513513514
6 0.15829248366013074 0.695918918918919 0.2334150326797386 0.43297297297297294
2 0.6933619281045751 0.6816486486486486 0.20482843137254897 0.4587567567567567
2 0.5980882352941176 0.599 0.11493464052287578 0.25356756756756765
2 0.2707516339869281 0.6262432432432433 0.1070098039215686 0.22243243243243246
0 0.9169321895424836 0.6253513513513513 0.10899509803921575 0.44113513513513514
2 0.3162908496732026 0.5773108108108108 0.06666666666666668 0.14970270270270275
2 0.5499468954248365 0.5640945945945947 0.06376633986928101 0.1548918918918919
4 0.37837418300653597 0.48574324324324325 0.07416666666666664 0.11624324324324321
4 0.4261151960784314 0.5125135135135135 0.0332271241830065 0.09583783783783786
4 0.4461151960784314 0.46886486486486484 0.011952614379084963 0.031081081081081083
