2 0.7678839869281047 0.7761216216216217 0.2529738562091503 0.46937837837837837
6 0.090531045751634 0.7133783783783784 0.181062091503268 0.5266486486486486
2 0.17977124183006538 0.6325540540540541 0.2068954248366013 0.29359459459459464
2 0.7588398692810457 0.6180135135135135 0.18872549019607834 0.1951081081081081
2 0.7188848039215686 0.5897567567567567 0.13770424836601314 0.1967027027027027
2 0.6461968954248366 0.5481756756756756 0.11464869281045754 0.14597297297297301
5 0.3198406862745098 0.5993378378378378 0.0760702614379085 0.12213513513513513
2 0.3050245098039216 0.5396891891891892 0.12926470588235292 0.2173243243243243
6 0.5420833333333334 0.5093918918918918 0.04258169934640523 0.1441351351351351
2 0.3641666666666667 0.5434594594594594 0.0897385620915033 0.09870270270270273
2 0.391875 0.528972972972973 0.07567810457516344 0.10383783783783788
6 0.5240808823529411 0.49716216216216214 0.026723856209150357 0.10313513513513513
6 0.43756944444444446 0.49352702702702705 0.048259803921568624 0.07840540540540546
4 0.4872549019607844 0.49224324324324326 0.036421568627451016 0.03605405405405406
