2 0.4839705882352941 0.5176891891891893 0.031307189542483606 0.09440540540540535
2 0.04370098039215686 0.6617297297297298 0.08740196078431373 0.3524864864864865
2 0.22056781045751636 0.6836621621621621 0.19794934640522877 0.3401351351351351
2 0.21118055555555557 0.5913108108108108 0.11945261437908496 0.17710810810810812
2 0.3590522875816994 0.5758243243243243 0.0727124183006536 0.14927027027027023
2 0.3025449346405229 0.5445945945945946 0.058504901960784325 0.10956756756756762
2 0.3811764705882353 0.5396486486486486 0.05006535947712416 0.11232432432432433
5 0.41814950980392157 0.5062702702702703 0.03711601307189538 0.1297837837837838
6 0.4255759803921568 0.4917837837837838 0.03674019607843135 0.12351351351351349
6 0.4500857843137255 0.485418918918919 0.01698529411764703 0.0646216216216216
2 0.11135212418300655 0.577445945945946 0.12991013071895427 0.1858648648648648
