0 0.6314910130718955 0.6494054054054054 0.04494281045751633 0.39010810810810803
0 0.32662581699346405 0.6203513513513513 0.0349019607843137 0.3244864864864865
0 0.25987745098039217 0.6209594594594594 0.03026143790849675 0.3118108108108108
0 0.7751225490196079 0.6087702702702703 0.03668300653594778 0.33451351351351344
0 0.7310743464052288 0.6023243243243244 0.04332516339869279 0.3284864864864865
0 0.5433864379084967 0.5542702702702702 0.022491830065359455 0.2016756756756756
0 0.6357843137254903 0.6458918918918919 0.0472875816993464 0.34113513513513505
0 0.5992851307189543 0.6260270270270271 0.029861111111111074 0.2951891891891892
0 0.5818014705882353 0.609054054054054 0.029616013071895424 0.2637297297297297
0 0.6461192810457516 0.5794054054054054 0.043839869281045725 0.2589189189189189
0 0.6593218954248365 0.5527702702702703 0.02397058823529405 0.21235135135135133
2 0.4681168300653595 0.5337972972972973 0.039779411764705924 0.10137837837837835
4 0.513390522875817 0.4998918918918919 0.013611111111111178 0.050648648648648674
