0 0.6661274509803922 0.7087162162162163 0.052271241830065374 0.5480810810810811
0 0.7539828431372549 0.6912432432432433 0.08028594771241829 0.5797297297297297
0 0.1990890522875817 0.695918918918919 0.05871732026143791 0.5080000000000001
0 0.46692401960784324 0.5729054054054054 0.03177287581699345 0.2663513513513514
0 0.6053063725490196 0.539 0.02437091503267968 0.21210810810810807
0 0.8432843137254903 0.5760135135135135 0.04867647058823533 0.327
0 0.9656699346405229 0.5479864864864865 0.05323529411764694 0.3438648648648649
0 0.7996200980392156 0.5412837837837838 0.030939542483660133 0.26640540540540536
0 0.4281903594771242 0.5419189189189189 0.017034313725490215 0.15037837837837842
5 0.4194648692810457 0.5737972972972973 0.023668300653594748 0.09640540540540538
0 0.4124673202614379 0.5355540540540541 0.01717320261437907 0.15256756756756754
2 0.46701797385620913 0.48548648648648646 0.021192810457516385 0.07043243243243244
2 0.40272875816993464 0.5140675675675676 0.058071895424836636 0.16613513513513514
6 0.4267769607843137 0.5033918918918919 0.03948529411764705 0.12462162162162166
4 0.5778962418300654 0.5363918918918918 0.035678104575163364 0.13489189189189188
4 0.14587418300653596 0.6725945945945946 0.0611437908496732 0.4128648648648649
