2 0.7627573529411765 0.7421216216216215 0.2821813725490196 0.5373783783783784
2 0.039142156862745095 0.7246081081081082 0.07828431372549019 0.345972972972973
2 0.6339052287581699 0.5920000000000001 0.106437908496732 0.2625405405405406
2 0.30442401960784315 0.6441351351351352 0.11951797385620912 0.24940540540540548
2 0.3625122549019608 0.5748378378378378 0.07551470588235294 0.19383783783783784
2 0.5771119281045751 0.5458918918918919 0.05847222222222217 0.15054054054054058
2 0.39873774509803916 0.5602027027027027 0.05290032679738557 0.14375675675675675
2 0.566045751633987 0.5358378378378378 0.051078431372549006 0.11048648648648647
6 0.5507230392156863 0.48193243243243244 0.04925653594771239 0.16943243243243242
2 0.5220179738562092 0.5112972972972973 0.020016339869281044 0.05129729729729727
2 0.44295751633986935 0.5195540540540541 0.02112745098039217 0.04591891891891887
4 0.47600898692810456 0.4998648648648648 0.04427287581699351 0.05454054054054048
