2 0.498484477124183 0.5143243243243244 0.020531045751633982 0.06459459459459461
2 0.14042892156862744 0.7983648648648648 0.28085784313725487 0.4248918918918919
2 0.9760008169934641 0.7547027027027027 0.07577614379084967 0.5122162162162163
2 0.8571486928104576 0.7326756756756757 0.3134803921568628 0.5562702702702702
2 0.620657679738562 0.6072297297297297 0.10374999999999991 0.24008108108108103
2 0.5542606209150327 0.5372027027027027 0.03865196078431377 0.10635135135135133
2 0.5865931372549019 0.5683378378378379 0.06594771241830068 0.17732432432432435
2 0.29055555555555557 0.5614864864864865 0.07681372549019606 0.09210810810810806
2 0.1921200980392157 0.5741216216216216 0.0868218954248366 0.09635135135135137
2 0.08959967320261437 0.5878243243243243 0.07575163398692811 0.09408108108108108
2 0.5354861111111111 0.5151891891891892 0.023406862745098022 0.06394594594594594
0 0.8423243464052287 0.6367297297297296 0.04711601307189539 0.5232432432432432
4 0.4164256535947713 0.5256216216216216 0.034730392156862785 0.06172972972972974
