2 0.4017933006535948 0.5687297297297298 0.05995915032679738 0.1244864864864865
2 0.12578022875816994 0.7162297297297298 0.226593137254902 0.3748378378378379
2 0.30788807189542483 0.5978108108108108 0.07794934640522878 0.1495135135135135
2 0.5268259803921569 0.5215405405405406 0.025629084967320265 0.07383783783783782
2 0.6232761437908497 0.4978783783783784 0.08158496732026145 0.08359459459459462
2 0.6136070261437909 0.488027027027027 0.0703022875816994 0.09891891891891891
6 0.7761397058823529 0.4484864864864865 0.07631535947712426 0.09167567567567572
4 0.4795547385620914 0.4987567567567568 0.014403594771241826 0.031675675675675675
4 0.7001470588235295 0.45198648648648654 0.08258169934640516 0.0761351351351351
4 0.5571732026143791 0.47732432432432437 0.03833333333333339 0.05924324324324321
4 0.505686274509804 0.498418918918919 0.028970588235294147 0.05078378378378376
4 0.4401511437908497 0.5293918918918918 0.035776143790849646 0.0901891891891892
