2 0.8699918300653594 0.7896486486486487 0.2877941176470588 0.44232432432432434
2 0.396781045751634 0.6369324324324325 0.13519607843137252 0.3027297297297298
2 0.5027165032679739 0.5196891891891892 0.043161764705882386 0.11483783783783787
2 0.6397916666666666 0.5766756756756757 0.061151960784313744 0.18291891891891893
3 0.5539910130718955 0.5017837837837839 0.007589869281045722 0.0765945945945946
2 0.6311274509803921 0.5602972972972973 0.046699346405228825 0.12751351351351353
4 0.5866135620915033 0.4908243243243244 0.018243464052287522 0.06262162162162159
4 0.5391830065359478 0.47736486486486485 0.013104575163398663 0.05018918918918917
4 0.18426470588235294 0.7279054054054054 0.3685294117647059 0.5604054054054054
4 0.5218545751633987 0.5181351351351351 0.028970588235294147 0.06767567567567566
