2 0.1509517973856209 0.6363918918918919 0.3019035947712418 0.7488378378378379
2 0.3577369281045752 0.5576891891891892 0.04857843137254905 0.14132432432432437
2 0.5272467320261438 0.5585270270270271 0.05395424836601304 0.14759459459459462
2 0.5030596405228758 0.5476756756756757 0.04530228758169939 0.12140540540540537
1 0.3762540849673202 0.4907702702702702 0.04505718954248369 0.16040540540540538
2 0.4793464052287582 0.5239324324324324 0.026846405228758183 0.07602702702702702
6 0.45543300653594776 0.4967567567567568 0.020702614379084994 0.06178378378378374
2 0.5624836601307189 0.5958918918918918 0.09176470588235289 0.22183783783783778
4 0.41249591503267974 0.49278378378378374 0.026413398692810397 0.028270270270270292
4 0.4414338235294118 0.4941891891891892 0.016200980392156897 0.031081081081081083
