2 0.8830065359477124 0.7896621621621622 0.2617647058823529 0.44229729729729733
2 0.10133986928104576 0.8228648648648648 0.2026797385620915 0.3758918918918919
2 0.21216911764705887 0.7730945945945946 0.21329248366013076 0.45310810810810814
2 0.3249918300653594 0.6548513513513513 0.12160130718954246 0.2539189189189189
2 0.7492524509803922 0.740418918918919 0.2568709150326797 0.484945945945946
2 0.6374591503267973 0.605081081081081 0.10222222222222213 0.24162162162162157
2 0.8591911764705883 0.5011351351351352 0.1432843137254901 0.20140540540540544
2 0.5429820261437909 0.5261621621621622 0.03843137254901958 0.0890810810810811
2 0.4965727124183007 0.5203108108108108 0.03054738562091502 0.056891891891891845
2 0.46782271241830065 0.5085540540540541 0.034125816993464037 0.04883783783783782
3 0.40900735294117646 0.5133378378378378 0.012442810457516355 0.06175675675675682
