2 0.6111683006535947 0.607945945945946 0.08504901960784315 0.1971891891891892
2 0.12477124183006535 0.7790405405405405 0.2495424836601307 0.4689459459459459
2 0.3514828431372549 0.605891891891892 0.09832516339869278 0.22740540540540538
2 0.5439950980392158 0.5304594594594594 0.03486928104575169 0.0863783783783784
2 0.19156454248366012 0.6092972972972973 0.13108660130718952 0.21124324324324315
2 0.39807598039215686 0.565027027027027 0.05891339869281042 0.13670270270270266
2 0.30837418300653596 0.5652972972972973 0.0628267973856209 0.1183783783783784
2 0.35181781045751637 0.5414594594594594 0.04152777777777781 0.08605405405405406
6 0.37613562091503266 0.5177162162162162 0.030032679738562083 0.08467567567567572
2 0.4383455882352942 0.5235135135135135 0.024779411764705914 0.06037837837837839
6 0.398545751633987 0.510527027027027 0.029150326797385627 0.0712162162162162
2 0.49095996732026137 0.5182027027027027 0.02040032679738555 0.06332432432432426
2 0.5136519607843137 0.5106486486486487 0.012647058823529426 0.04205405405405406
4 0.45450163398692806 0.5082297297297298 0.017957516339869202 0.039648648648648616
4 0.4775408496732026 0.511054054054054 0.017957516339869296 0.04529729729729727
