2 0.9021936274509804 0.7632567567567566 0.22339052287581695 0.4951081081081081
2 0.24089052287581703 0.6631081081081082 0.20743464052287583 0.44562162162162167
2 0.4010457516339869 0.5707432432432433 0.096078431372549 0.21602702702702697
2 0.719656862745098 0.648391891891892 0.1610294117647059 0.36272972972972967
2 0.6569771241830066 0.5788378378378379 0.07547385620915033 0.21551351351351347
2 0.5420874183006537 0.524472972972973 0.06505718954248366 0.12029729729729727
6 0.8395915032679739 0.4732027027027027 0.07230392156862754 0.13818918918918918
6 0.7809967320261438 0.4667027027027027 0.06261437908496731 0.12205405405405405
1 0.6778676470588235 0.43363513513513513 0.03674836601307191 0.10835135135135136
4 0.595359477124183 0.4769864864864865 0.045800653594771194 0.07894594594594596
4 0.624828431372549 0.45198648648648654 0.04088235294117644 0.0761351351351351
4 0.4588807189542484 0.4871621621621622 0.01875816993464046 0.039513513513513523
