2 0.5015972222222221 0.5298918918918919 0.04152777777777781 0.11178378378378383
2 0.10933823529411765 0.7021351351351351 0.2186764705882353 0.44691891891891894
2 0.273484477124183 0.5880135135135135 0.12494281045751635 0.187054054054054
2 0.4114011437908497 0.6001486486486487 0.07915849673202613 0.18699999999999992
2 0.4381740196078432 0.5630675675675675 0.06128267973856213 0.1478648648648649
2 0.3662622549019608 0.5246216216216216 0.09004084967320264 0.1238378378378379
2 0.7706086601307189 0.7671216216216216 0.27000816993464055 0.4873783783783784
1 0.6340236928104575 0.4368378378378378 0.14825980392156865 0.49627027027027026
0 0.7349264705882352 0.5830270270270269 0.03839869281045752 0.3104324324324324
2 0.552250816993464 0.516581081081081 0.03731209150326794 0.09872972972972974
1 0.5289746732026143 0.4510810810810811 0.03402777777777776 0.14762162162162162
2 0.26112745098039214 0.5173513513513514 0.0533823529411765 0.080972972972973
2 0.4897712418300654 0.5106486486486487 0.028039215686274457 0.08464864864864863
2 0.10662581699346405 0.5525405405405406 0.10462418300653595 0.13659459459459464
4 0.4410049019607843 0.47871621621621624 0.039183006535947744 0.07332432432432431
