2 0.49940767973856215 0.584472972972973 0.07665849673202618 0.23986486486486486
2 0.9016053921568628 0.7264459459459459 0.2245669934640523 0.5687297297297298
2 0.7592361111111111 0.6527567567567567 0.1931617647058823 0.3547567567567567
2 0.6866217320261437 0.5788783783783784 0.17108660130718953 0.26402702702702696
2 0.6576225490196079 0.5626351351351352 0.12240196078431377 0.17943243243243248
2 0.07323529411764707 0.6151891891891892 0.14647058823529413 0.2668108108108109
2 0.15699754901960783 0.5585810810810811 0.12005718954248365 0.19527027027027027
6 0.44665032679738564 0.4902837837837838 0.01911764705882351 0.05208108108108103
0 0.5601674836601307 0.5185 0.015008169934640526 0.11429729729729736
0 0.0489828431372549 0.5437432432432433 0.012426470588235294 0.19170270270270273
0 0.7487132352941176 0.48789189189189186 0.007720588235294062 0.10664864864864868
0 0.7490032679738562 0.48733783783783785 0.005653594771241797 0.07856756756756755
4 0.4005800653594771 0.49982432432432433 0.021307189542483694 0.05359459459459455
