2 0.8882598039215687 0.7551756756756758 0.2512581699346405 0.5112702702702703
2 0.30638480392156864 0.6092567567567568 0.0947140522875817 0.19597297297297303
2 0.6622140522875817 0.6283243243243244 0.13519607843137257 0.2976756756756757
2 0.6097794117647058 0.5777837837837838 0.08359477124183001 0.1939459459459459
2 0.35295343137254903 0.5801891891891893 0.05788398692810459 0.13875675675675678
0 0.6176879084967319 0.5052162162162163 0.013218954248365972 0.15037837837837834
0 0.6288643790849673 0.5039324324324324 0.014624183006535929 0.14981081081081074
2 0.5880147058823529 0.5527432432432432 0.05246732026143793 0.13105405405405401
4 0.09141748366013072 0.5885675675675676 0.18283496732026144 0.15102702702702703
4 0.71843954248366 0.4843513513513513 0.052794117647058825 0.10145945945945944
