2 0.02700980392156863 0.6811891891891892 0.05401960784313726 0.40708108108108115
2 0.0891952614379085 0.663918918918919 0.178390522875817 0.3166486486486487
2 0.17461601307189542 0.602581081081081 0.1766503267973856 0.23045945945945942
2 0.20948120915032678 0.590554054054054 0.14897875816993464 0.2098108108108108
2 0.276327614379085 0.5528513513513513 0.06941993464052285 0.12743243243243244
2 0.3109109477124183 0.545391891891892 0.09167483660130722 0.118945945945946
2 0.38420751633986927 0.5264324324324324 0.03395424836601307 0.08335135135135129
4 0.4148529411764706 0.503581081081081 0.03415032679738558 0.06813513513513515
4 0.49457516339869284 0.490445945945946 0.02017973856209154 0.038513513513513516
4 0.5412540849673203 0.4968513513513514 0.018243464052287522 0.062027027027027
4 0.5631985294117647 0.4813513513513513 0.015106209150326805 0.03718918918918916
4 0.6966625816993464 0.449972972972973 0.06218137254901962 0.05097297297297293
4 0.7874959150326797 0.4299189189189189 0.11600490196078442 0.06837837837837842
4 0.8857475490196078 0.45260810810810803 0.14069444444444448 0.07948648648648647
4 0.9631985294117646 0.44724324324324327 0.09959967320261445 0.10632432432432433
