2 0.42006535947712426 0.5072162162162163 0.05560457516339874 0.06572972972972979
2 0.5422589869281045 0.5055135135135136 0.02763888888888892 0.07945945945945948
2 0.46608660130718954 0.516972972972973 0.027091503267973924 0.07135135135135129
2 0.33854983660130716 0.5521891891891892 0.12852124183006536 0.15432432432432439
2 0.2745792483660131 0.562027027027027 0.17518790849673202 0.24610810810810813
2 0.5736070261437909 0.5491486486486487 0.05000816993464055 0.11445945945945953
2 0.6137295751633987 0.6088783783783784 0.09623366013071902 0.2064054054054055
2 0.12611928104575162 0.6867972972972973 0.25223856209150325 0.394027027027027
4 0.49959150326797386 0.47950000000000004 0.01011437908496741 0.03451351351351354
4 0.5261070261437908 0.49139189189189186 0.023864379084967257 0.042351351351351395
