2 0.5332066993464052 0.5609864864864865 0.05615196078431374 0.1747837837837838
2 0.7660008169934641 0.6402162162162162 0.19324346405228746 0.34270270270270264
2 0.14670343137254901 0.6872297297297296 0.25487745098039216 0.3384054054054054
2 0.44665032679738564 0.5136081081081081 0.04120915032679734 0.10083783783783784
2 0.21325571895424836 0.5843243243243242 0.12209967320261438 0.17524324324324325
2 0.36772875816993467 0.5393243243243243 0.06330065359477122 0.09313513513513516
2 0.5690236928104575 0.4958243243243243 0.03824346405228754 0.06921621621621618
2 0.5895547385620915 0.48451351351351346 0.019027777777777748 0.04524324324324319
2 0.07367238562091503 0.5978648648648649 0.14734477124183007 0.1776756756756757
4 0.6122426470588235 0.4836891891891892 0.014289215686274517 0.040675675675675704
4 0.6427001633986927 0.4871621621621622 0.035776143790849646 0.022648648648648635
