2 0.5099591503267974 0.5625810810810811 0.06083333333333327 0.1901891891891892
2 0.9308496732026145 0.7099594594594595 0.166078431372549 0.6017027027027027
6 0.7032393790849674 0.5585540540540541 0.1779983660130719 0.35348648648648645
2 0.6251756535947712 0.5358918918918919 0.10778594771241826 0.16167567567567565
2 0.5751756535947712 0.49785135135135133 0.06092320261437903 0.08451351351351354
2 0.5558946078431373 0.4916351351351351 0.04144607843137257 0.06354054054054052
2 0.1463562091503268 0.575 0.13955882352941176 0.20135135135135135
6 0.26325163398692814 0.5041351351351351 0.15259803921568627 0.3622162162162162
2 0.2431862745098039 0.5511216216216217 0.08178104575163396 0.13889189189189194
2 0.3007516339869281 0.5363783783783784 0.05547385620915031 0.0891891891891892
2 0.37239787581699346 0.5060135135135135 0.03474673202614377 0.062351351351351336
2 0.3882843137254902 0.49537837837837845 0.025996732026143787 0.06767567567567566
2 0.41234477124183005 0.4913243243243244 0.025424836601307194 0.048864864864864896
2 0.9260089869281045 0.5371621621621622 0.11732843137254893 0.09805405405405399
2 0.17221405228758171 0.5433108108108108 0.06501633986928106 0.11327027027027026
4 0.44199346405228757 0.4831216216216216 0.021127450980392076 0.0428918918918919
