2 0.505874183006536 0.5356621621621621 0.049183006535947656 0.13245945945945944
2 0.05122140522875817 0.7558378378378378 0.10244281045751634 0.509945945945946
2 0.14381944444444442 0.7087702702702703 0.21812908496732022 0.3882432432432433
2 0.2831495098039216 0.5673243243243243 0.11301470588235293 0.19497297297297295
2 0.39655228758169936 0.6044729729729729 0.10156862745098034 0.20299999999999996
2 0.42312091503267973 0.5620810810810811 0.05831699346405233 0.1614594594594595
2 0.3683619281045752 0.5363108108108108 0.07327614379084972 0.10791891891891894
6 0.8711274509803921 0.5054054054054054 0.2855228758169935 1.0108108108108107
0 0.7480555555555556 0.6980945945945947 0.05800653594771242 0.43694594594594593
2 0.6887990196078431 0.662054054054054 0.1747549019607843 0.35978378378378373
2 0.6202982026143791 0.5936486486486486 0.10177287581699342 0.2058378378378379
2 0.5867606209150327 0.5347837837837838 0.061119281045751685 0.16086486486486481
2 0.5398325163398693 0.5029189189189188 0.02914215686274516 0.07351351351351355
1 0.5368382352941176 0.44593243243243247 0.03767973856209151 0.14770270270270272
6 0.05950571895424836 0.5782972972972973 0.11901143790849672 0.42686486486486486
2 0.4991299019607843 0.5113378378378378 0.03113562091503269 0.093972972972973
2 0.19168300653594772 0.5219594594594594 0.07114379084967322 0.09872972972972965
4 0.4670996732026144 0.49647297297297294 0.01580065359477127 0.06132432432432432
