2 0.2019281045751634 0.7024189189189188 0.4038562091503268 0.5452162162162162
2 0.9461070261437907 0.6888243243243244 0.13556372549019613 0.43672972972972984
2 0.5692361111111112 0.5811351351351352 0.10471405228758175 0.19221621621621623
0 0.8576552287581699 0.5027297297297297 0.024117647058823515 0.1506486486486487
2 0.8581331699346405 0.5567567567567567 0.07107026143790841 0.17097297297297295
2 0.6591217320261438 0.5226081081081081 0.05477941176470585 0.11791891891891891
2 0.6801552287581699 0.506972972972973 0.04101307189542487 0.09540540540540536
4 0.49997549019607845 0.4831081081081081 0.02500000000000002 0.05118918918918918
4 0.7312132352941176 0.4878918918918919 0.03682189542483655 0.07178378378378379
4 0.8064093137254902 0.48731081081081085 0.044125816993464045 0.07164864864864863
4 0.7715482026143791 0.464472972972973 0.01638071895424833 0.014621621621621613
4 0.9086315359477124 0.4533648648648649 0.08768790849673197 0.08456756756756754
