2 0.22404411764705884 0.5732702702702703 0.11803921568627453 0.13535135135135137
6 0.05665849673202614 0.5509459459459459 0.11331699346405227 0.18837837837837834
0 0.8569362745098038 0.6029864864864865 0.04547385620915039 0.37856756756756754
2 0.3889828431372549 0.5360675675675676 0.07058006535947707 0.1021351351351352
2 0.3397263071895425 0.5320135135135136 0.0634558823529412 0.08564864864864864
2 0.4546609477124183 0.5068243243243243 0.0365767973856209 0.06856756756756759
6 0.5076388888888889 0.4982837837837838 0.020588235294117685 0.05797297297297302
2 0.48960784313725486 0.5206486486486486 0.04403594771241828 0.0738378378378379
2 0.6023080065359476 0.49863513513513513 0.020547385620915015 0.04332432432432433
4 0.6283986928104575 0.48875675675675667 0.019591503267973872 0.04637837837837837
4 0.6562377450980392 0.4931756756756757 0.019632352941176448 0.06056756756756756
4 0.537091503267974 0.4891756756756757 0.020898692810457548 0.049540540540540495
4 0.7666625816993464 0.4624189189189189 0.14651143790849666 0.06132432432432432
4 0.9421078431372548 0.463027027027027 0.12882352941176475 0.04416216216216217
4 0.5771691176470588 0.4871621621621622 0.023864379084967257 0.028270270270270216
