2 0.07105392156862746 0.6895675675675675 0.1421078431372549 0.35481081081081073
2 0.14467728758169934 0.6123108108108108 0.19652777777777777 0.252027027027027
2 0.18870506535947712 0.5990810810810812 0.160171568627451 0.22572972972972977
2 0.26307598039215685 0.5616216216216217 0.07301470588235294 0.13486486486486488
2 0.3002369281045752 0.5502702702702702 0.09668300653594773 0.124972972972973
2 0.3788480392156863 0.5298108108108108 0.03539215686274509 0.08621621621621615
2 0.38954248366013067 0.5253378378378378 0.03313725490196079 0.07299999999999998
4 0.4147957516339869 0.5159189189189188 0.026715686274509747 0.06399999999999995
4 0.4908455882352942 0.49033783783783785 0.020334967320261427 0.056513513513513504
4 0.5393954248366013 0.49417567567567566 0.022908496732026114 0.06645945945945939
4 0.5632679738562092 0.48543243243243245 0.012385620915032654 0.035621621621621566
4 0.708406862745098 0.4473243243243243 0.09627450980392159 0.06129729729729731
4 0.8840522875816993 0.4462702702702703 0.2558496732026144 0.09708108108108113
