2 0.03167892156862745 0.5379459459459459 0.0633578431372549 0.1375135135135135
2 0.11217320261437909 0.5276621621621622 0.06648692810457517 0.09791891891891889
2 0.13458333333333336 0.49106756756756753 0.05691176470588235 0.0814864864864865
2 0.49184232026143787 0.5437297297297298 0.04909313725490189 0.1618918918918919
2 0.2049591503267974 0.4848513513513514 0.032712418300653585 0.0625135135135135
3 0.6279779411764705 0.5086081081081081 0.009387254901960792 0.07354054054054049
4 0.33891748366013075 0.4818648648648649 0.028472222222222194 0.03237837837837835
4 0.38912173202614375 0.47114864864864864 0.006609477124182986 0.021864864864864875
4 0.4043464052287582 0.47143243243243244 0.007875816993464041 0.020540540540540525
4 0.44847630718954246 0.46199999999999997 0.011740196078431376 0.038000000000000006
