2 0.02625408496732026 0.7982297297297298 0.05250816993464052 0.4251621621621622
2 0.383562091503268 0.5370675675675676 0.053807189542483674 0.07094594594594594
4 0.44863153594771243 0.5079324324324325 0.05216503267973849 0.03381081081081078
4 0.5053227124183006 0.5115405405405405 0.012834967320261468 0.03178378378378384
4 0.5218055555555556 0.49698648648648647 0.00751633986928099 0.023972972972972986
4 0.6355637254901961 0.4705540540540541 0.11400326797385628 0.03694594594594591
4 0.722920751633987 0.45351351351351354 0.05750816993464051 0.024324324324324326
4 0.8183047385620915 0.44862162162162167 0.12943627450980388 0.07005405405405402
4 0.4912173202614379 0.4941891891891892 0.018758169934640554 0.03670270270270266
4 0.4158986928104575 0.5209459459459459 0.048545751633986896 0.05643243243243242
4 0.23675653594771243 0.5674054054054054 0.027271241830065355 0.13805405405405402
