2 0.06241013071895425 0.8243108108108108 0.1248202614379085 0.373
2 0.8990972222222221 0.776 0.22958333333333333 0.4696216216216216
2 0.5620179738562092 0.5358918918918919 0.06058823529411762 0.13178378378378375
2 0.49143382352941173 0.5186756756756756 0.03955065359477131 0.07345945945945948
2 0.7455106209150327 0.5676486486486486 0.14394607843137258 0.19005405405405404
2 0.9293014705882354 0.5694054054054054 0.16917483660130714 0.19767567567567565
2 0.4585089869281045 0.5001081081081081 0.04152777777777781 0.058324324324324356
3 0.38733660130718955 0.5229864864864865 0.014820261437908532 0.09467567567567568
2 0.5272263071895426 0.49536486486486486 0.044370915032679786 0.062027027027027
4 0.6303635620915033 0.48013513513513517 0.07747549019607847 0.06486486486486487
