2 0.47883986928104577 0.5518108108108108 0.04589869281045757 0.13843243243243242
2 0.05266748366013072 0.6939324324324324 0.10533496732026144 0.38229729729729733
2 0.1848325163398693 0.7477297297297296 0.3179983660130719 0.5315675675675676
2 0.26207924836601304 0.5695945945945946 0.09391339869281044 0.1798918918918919
2 0.4037173202614379 0.5641486486486487 0.06529411764705884 0.1658648648648648
2 0.3451470588235294 0.5397297297297297 0.045898692810457525 0.09345945945945949
2 0.22430964052287583 0.5528108108108108 0.0715604575163399 0.11227027027027024
2 0.42564542483660134 0.536972972972973 0.0358333333333333 0.08891891891891894
2 0.4419035947712418 0.5215675675675675 0.024526143790849657 0.059783783783783795
2 0.3141830065359477 0.5274324324324324 0.03952614379084967 0.07551351351351351
2 0.0681045751633987 0.6029864864864865 0.1362091503267974 0.18872972972972968
