2 0.0507516339869281 0.802054054054054 0.1015032679738562 0.4175135135135135
2 0.7423325163398693 0.6838648648648649 0.21339052287581703 0.39805405405405414
2 0.2634109477124183 0.6325405405405405 0.1407434640522876 0.24102702702702705
2 0.6376633986928104 0.5948783783783784 0.1116503267973857 0.22532432432432442
2 0.38383986928104574 0.5353648648648648 0.04787581699346407 0.1113783783783784
2 0.5789828431372549 0.5405000000000001 0.058472222222222266 0.13818918918918927
2 0.5646241830065358 0.525972972972973 0.04527777777777774 0.1108648648648649
2 0.4024264705882353 0.5253243243243243 0.03366013071895419 0.08762162162162167
4 0.08682189542483659 0.5505 0.17364379084967319 0.17748648648648652
4 0.5899387254901961 0.46605405405405403 0.017050653594771245 0.07048648648648645
4 0.6652532679738562 0.45899999999999996 0.04173202614379079 0.06205405405405408
