2 0.042565359477124184 0.778635135135135 0.08513071895424837 0.4097567567567567
2 0.9823978758169934 0.6087972972972973 0.06298202614379078 0.6673783783783784
5 0.8447426470588235 0.7600135135135136 0.33829248366013076 0.35186486486486485
2 0.7848366013071896 0.602527027027027 0.24924836601307193 0.2962432432432433
3 0.04918300653594772 0.7441891891891893 0.09836601307189544 0.5332432432432432
2 0.653843954248366 0.5806621621621622 0.14025326797385618 0.18943243243243235
5 0.684795751633987 0.5958918918918918 0.1370261437908496 0.20962162162162162
5 0.7720057189542483 0.4843513513513514 0.062328431372549085 0.15556756756756757
2 0.39568218954248363 0.5826351351351351 0.06687091503267975 0.129918918918919
2 0.3045588235294117 0.5823918918918919 0.04370915032679738 0.1293243243243243
1 0.2976756535947713 0.5201081081081081 0.05523692810457517 0.22459459459459466
4 0.2504125816993464 0.5200270270270271 0.013700980392156848 0.055999999999999994
4 0.18199346405228758 0.5400135135135136 0.07230392156862746 0.04818918918918922
4 0.22935866013071896 0.5237027027027027 0.023063725490196092 0.04529729729729735
4 0.3475449346405229 0.5577567567567567 0.019566993464052277 0.04140540540540539
