2 0.17555555555555555 0.6081891891891892 0.16444444444444442 0.19681081081081078
2 0.2578635620915033 0.5699864864864865 0.11504084967320259 0.15743243243243243
2 0.2866339869281046 0.551554054054054 0.10240196078431371 0.1364054054054054
2 0.327516339869281 0.5362837837837838 0.09147058823529415 0.11916216216216217
2 0.34525326797385625 0.5357432432432432 0.07388888888888889 0.09581081081081078
2 0.3633619281045752 0.527054054054054 0.05424019607843136 0.0854054054054054
2 0.3790972222222222 0.5261756756756757 0.05749183006535948 0.06710810810810806
2 0.38654820261437906 0.51 0.05033496732026145 0.07567567567567568
2 0.39770833333333333 0.5087027027027027 0.050547385620915035 0.0678918918918919
2 0.40592320261437903 0.5078378378378379 0.04813725490196075 0.06162162162162165
4 0.4487295751633987 0.4916351351351351 0.02267156862745098 0.04262162162162157
4 0.5100204248366013 0.49763513513513513 0.01373366013071891 0.03510810810810813
4 0.528578431372549 0.47951351351351357 0.012859477124183014 0.028648648648648634
4 0.697998366013072 0.4631216216216217 0.1413071895424837 0.048027027027027054
4 0.837671568627451 0.4428243243243244 0.08442810457516342 0.04467567567567568
4 0.5563194444444444 0.481527027027027 0.0247140522875817 0.022621621621621634
4 0.8095057189542484 0.5012567567567567 0.034076797385620944 0.20845945945945946
