2 0.35759803921568634 0.6393243243243243 0.10900326797385622 0.27486486486486483
2 0.41365196078431365 0.5776081081081081 0.05490196078431372 0.15186486486486486
6 0.43566176470588236 0.516 0.04570261437908501 0.1581081081081081
2 0.06518790849673203 0.7847567567567568 0.13037581699346407 0.4521081081081081
2 0.620657679738562 0.5741216216216216 0.14268790849673202 0.18305405405405403
2 0.595232843137255 0.5507702702702703 0.11435457516339863 0.1314324324324324
2 0.5547712418300653 0.5273108108108108 0.07746732026143795 0.10656756756756759
6 0.4573325163398694 0.5115945945945946 0.029714052287581703 0.09108108108108105
5 0.7491666666666666 0.6451081081081081 0.12062091503267973 0.2284324324324324
5 0.7046282679738561 0.6210675675675676 0.07670751633986927 0.19099999999999998
6 0.17883169934640522 0.6793243243243243 0.35766339869281044 0.662972972972973
4 0.5116380718954249 0.5139189189189189 0.02556372549019605 0.06486486486486487
