2 0.31710375816993464 0.6931216216216216 0.15683823529411767 0.3594324324324324
2 0.6100408496732027 0.5930540540540541 0.09362745098039217 0.22086486486486495
2 0.3740114379084967 0.6040675675675675 0.09230392156862742 0.2205675675675676
2 0.582843137254902 0.5606081081081081 0.06522875816993466 0.15240540540540545
2 0.4377777777777777 0.5383243243243243 0.03931372549019608 0.11194594594594591
6 0.5523937908496732 0.5120810810810811 0.040735294117646974 0.13189189189189193
2 0.45465686274509803 0.509 0.029395424836601323 0.08048648648648649
2 0.5288848039215687 0.49281081081081074 0.021299019607843084 0.0614054054054054
4 0.479468954248366 0.478972972972973 0.008725490196078484 0.02345945945945948
4 0.4911029411764706 0.4713243243243243 0.006519607843137269 0.01762162162162165
4 0.5137704248366013 0.4759054054054053 0.0247140522875817 0.05078378378378376
