2 0.5239869281045751 0.575445945945946 0.06598039215686274 0.19818918918918924
2 0.03194035947712418 0.6855270270270271 0.06388071895424836 0.3386756756756757
2 0.21871323529411768 0.6966486486486486 0.21736111111111112 0.3716216216216216
5 0.3555841503267974 0.4569324324324324 0.14487745098039215 0.4348378378378378
5 0.4423856209150327 0.4592837837837838 0.034166666666666616 0.14932432432432433
2 0.11078839869281044 0.5852567567567568 0.13051470588235295 0.16213513513513508
6 0.22154411764705878 0.5195945945945946 0.08370915032679736 0.15340540540540537
2 0.5517075163398693 0.5307432432432433 0.02745098039215688 0.06948648648648643
2 0.5986887254901961 0.516 0.02522058823529412 0.04518918918918918
4 0.16437908496732026 0.5096486486486487 0.05720588235294118 0.11021621621621622
4 0.03713643790849673 0.6790135135135135 0.07427287581699346 0.3586216216216216
