2 0.4243382352941176 0.5176891891891893 0.01776143790849674 0.04786486486486489
2 0.4744771241830065 0.5690540540540541 0.06374183006535947 0.17556756756756758
2 0.03770833333333334 0.7668513513513514 0.07541666666666667 0.4184594594594594
6 0.03924428104575163 0.5895945945945945 0.07848856209150326 0.2918378378378378
2 0.1530841503267974 0.6620675675675675 0.16425653594771242 0.27559459459459457
2 0.38748366013071894 0.5568513513513513 0.0453921568627451 0.13932432432432434
2 0.24674836601307187 0.5781081081081081 0.08380718954248367 0.15259459459459462
2 0.16475898692810456 0.5742432432432433 0.09595588235294117 0.14264864864864865
2 0.30699346405228756 0.5435405405405406 0.04281045751633985 0.092972972972973
6 0.21696078431372548 0.528527027027027 0.0656862745098039 0.13456756756756755
2 0.3266339869281046 0.5317702702702702 0.0324019607843137 0.07240540540540538
6 0.34881535947712417 0.4999324324324324 0.02442810457516338 0.09294594594594591
5 0.3881617647058824 0.49274324324324326 0.028790849673202622 0.11132432432432432
