2 0.1454452614379085 0.7731351351351351 0.290890522875817 0.4753513513513513
2 0.5825081699346405 0.5790135135135136 0.08774509803921576 0.1988378378378379
2 0.20481617647058822 0.7563378378378379 0.2704656862745098 0.508945945945946
0 0.11973856209150327 0.674445945945946 0.04941176470588237 0.5072162162162162
0 0.1921732026143791 0.6322567567567567 0.028660130718954235 0.3662972972972973
2 0.4360375816993464 0.524 0.03803921568627451 0.11113513513513515
2 0.5417034313725491 0.5245540540540541 0.04611928104575158 0.11521621621621621
0 0.21252859477124184 0.6499054054054054 0.02486111111111114 0.3738108108108108
2 0.4504656862745098 0.5165405405405405 0.025653594771241905 0.0678918918918919
2 0.5201715686274511 0.5014189189189189 0.023741830065359525 0.08164864864864867
4 0.5052614379084968 0.4998378378378378 0.021307189542483694 0.03670270270270266
