2 0.14652369281045752 0.7610810810810812 0.29304738562091504 0.49945945945945946
2 0.28263071895424835 0.7402567567567567 0.23447712418300654 0.4657027027027027
2 0.569203431372549 0.5557027027027027 0.06170751633986926 0.1474594594594594
2 0.7925571895424836 0.7547432432432433 0.34870915032679745 0.5121351351351352
2 0.3459395424836601 0.6330405405405406 0.11964052287581699 0.25748648648648653
0 0.26836601307189545 0.6142567567567567 0.02968954248366011 0.3147837837837838
0 0.29927287581699347 0.5857432432432433 0.01568627450980396 0.2457027027027027
2 0.4503022875816994 0.5297432432432432 0.031078431372549082 0.094027027027027
2 0.5422630718954249 0.5302837837837837 0.03718954248366012 0.09710810810810805
0 0.302328431372549 0.5958513513513514 0.018741830065359476 0.2522432432432432
2 0.5252491830065359 0.5103648648648648 0.021642156862745107 0.07305405405405406
4 0.4720710784313726 0.5181351351351352 0.02301470588235291 0.05643243243243242
4 0.5086601307189542 0.5026621621621622 0.021307189542483694 0.04235135135135132
