2 0.20082107843137256 0.5994594594594594 0.08321078431372551 0.14967567567567566
2 0.4286315359477124 0.5054189189189189 0.02861928104575161 0.08359459459459462
6 0.3764174836601307 0.4901351351351351 0.03857026143790848 0.099027027027027
2 0.34290032679738564 0.5472027027027027 0.04751633986928107 0.10143243243243244
2 0.2860906862745098 0.5562432432432433 0.05505718954248365 0.10075675675675676
3 0.26537173202614384 0.5621486486486487 0.03293300653594772 0.16910810810810809
0 0.38843545751633984 0.511527027027027 0.006805555555555589 0.06186486486486491
2 0.9350735294117647 0.528472972972973 0.1576307189542484 0.27694594594594596
2 0.2626307189542484 0.5168243243243243 0.051388888888888914 0.05240540540540537
4 0.45164215686274506 0.5026486486486487 0.0298202614379085 0.06486486486486487
4 0.8154575163398692 0.4519594594594594 0.02215686274509804 0.05359459459459455
