2 0.12886029411764705 0.773054054054054 0.2577205882352941 0.4755135135135135
2 0.585608660130719 0.569 0.07384803921568626 0.18340540540540545
2 0.2296813725490196 0.5636621621621621 0.12460784313725488 0.15089189189189192
2 0.6731699346405229 0.6414729729729729 0.1358169934640523 0.305
2 0.5659517973856208 0.5455675675675676 0.04811274509803921 0.13454054054054054
2 0.3864133986928105 0.5448378378378379 0.05439542483660129 0.12481081081081083
2 0.406797385620915 0.5179594594594594 0.04248366013071891 0.11813513513513516
2 0.8009354575163399 0.7637702702702703 0.30670751633986926 0.49408108108108106
2 0.4265196078431372 0.5172432432432432 0.03336601307189545 0.09616216216216211
6 0.5337622549019608 0.47312162162162164 0.03526960784313722 0.12586486486486484
2 0.4455392156862745 0.4960405405405406 0.017957516339869296 0.03824324324324326
4 0.4741993464052288 0.48997297297297304 0.03748366013071895 0.06205405405405408
4 0.5086683006535948 0.48717567567567566 0.017908496732026203 0.045162162162162185
