2 0.20711192810457515 0.7073243243243245 0.2045833333333333 0.36800000000000005
2 0.8809027777777777 0.7673108108108108 0.26597222222222217 0.487
2 0.3198937908496732 0.6096621621621622 0.10748366013071896 0.2087297297297297
2 0.7195996732026143 0.6584054054054055 0.16109477124183003 0.32908108108108114
2 0.36734477124183007 0.573027027027027 0.07965686274509803 0.1467027027027027
2 0.6406535947712418 0.5854324324324325 0.09821895424836603 0.21281081081081077
2 0.4339093137254902 0.5240135135135134 0.032916666666666684 0.08105405405405408
2 0.6084477124183006 0.5541756756756757 0.06295751633986924 0.15440540540540548
2 0.5926797385620916 0.5336351351351352 0.04589869281045748 0.12024324324324327
2 0.5797140522875817 0.5256891891891892 0.03978758169934635 0.09770270270270272
4 0.49033088235294114 0.4853108108108108 0.05092320261437912 0.04602702702702703
4 0.546531862745098 0.48856756756756753 0.023864379084967257 0.05924324324324321
