2 0.09288807189542483 0.6903378378378379 0.18577614379084967 0.4214324324324324
2 0.12786764705882353 0.6033918918918919 0.25573529411764706 0.4055945945945946
3 0.39343954248366014 0.566972972972973 0.025653594771241812 0.1742702702702703
2 0.9212867647058823 0.7428783783783784 0.18520424836601312 0.4755405405405405
2 0.8611151960784315 0.6777702702702703 0.30067810457516336 0.36002702702702705
2 0.7638848039215687 0.6286756756756757 0.2328676470588235 0.25059459459459466
2 0.7254779411764706 0.5841621621621622 0.17626633986928106 0.24913513513513516
2 0.30398692810457517 0.5639594594594595 0.13148692810457516 0.14078378378378378
2 0.33223447712418297 0.5516216216216216 0.10816176470588239 0.12383783783783782
2 0.5374428104575164 0.5413648648648649 0.043921568627450974 0.10705405405405409
2 0.5169893790849673 0.5131081081081081 0.024289215686274526 0.06794594594594591
6 0.49881535947712413 0.47951351351351357 0.013594771241830055 0.05329729729729729
4 0.4341870915032679 0.4945675675675676 0.054485294117647014 0.07935135135135131
4 0.47628676470588227 0.4803378378378379 0.009714052287581688 0.01645945945945947
4 0.49079248366013073 0.48436486486486485 0.017908496732026203 0.03954054054054053
