2 0.8971895424836602 0.6873513513513513 0.23339869281045747 0.5913513513513514
2 0.2098611111111111 0.7609864864864865 0.26063725490196077 0.49964864864864866
2 0.3641666666666667 0.6237027027027028 0.10102941176470585 0.2308648648648649
2 0.40571078431372554 0.5767027027027027 0.07308823529411768 0.16718918918918924
2 0.5951511437908497 0.5596486486486486 0.06141339869281042 0.1854054054054054
2 0.8627532679738562 0.5709324324324324 0.2775653594771243 0.28418918918918923
2 0.43076797385620913 0.5346891891891892 0.04204248366013075 0.12148648648648645
2 0.43833741830065365 0.5204054054054055 0.04808006535947714 0.09086486486486488
2 0.3382352941176471 0.49858108108108107 0.05102941176470591 0.0575945945945946
2 0.6107230392156864 0.5428648648648648 0.06381535947712419 0.13875675675675678
2 0.6464174836601306 0.5177702702702702 0.06649509803921567 0.1250540540540541
2 0.7656821895424836 0.4718108108108108 0.06397875816993469 0.07140540540540537
4 0.7056740196078432 0.4435405405405406 0.035776143790849646 0.05924324324324321
