2 0.47767156862745097 0.588972972972973 0.07294117647058822 0.2297297297297298
2 0.4934763071895425 0.5417297297297298 0.053848039215686344 0.1858378378378378
2 0.6235334967320261 0.5906621621621622 0.09608660130718956 0.2525135135135135
2 0.5749836601307189 0.5602162162162162 0.06486928104575161 0.1657297297297297
2 0.5479044117647058 0.5332837837837838 0.04427287581699351 0.12543243243243243
2 0.3061315359477125 0.5168108108108109 0.04435457516339871 0.06275675675675675
2 0.21321486928104577 0.5305675675675676 0.04964869281045752 0.06459459459459453
4 0.35433006535947714 0.49544594594594593 0.013137254901960771 0.035054054054054054
4 0.16933006535947712 0.5172702702702703 0.028888888888888877 0.05140540540540543
4 0.05123774509803922 0.5218783783783784 0.06907679738562092 0.0548918918918919
