2 0.501797385620915 0.5905945945945946 0.08179738562091504 0.2558378378378379
2 0.9915359477124182 0.7269864864864866 0.0447058823529412 0.5676486486486486
2 0.8325122549019608 0.7132432432432432 0.2353349673202614 0.4798918918918919
2 0.724873366013072 0.603027027027027 0.20170751633986936 0.32437837837837835
2 0.683047385620915 0.575445945945946 0.1393300653594772 0.2091621621621622
2 0.04476307189542483 0.6255135135135135 0.08952614379084967 0.27967567567567575
2 0.11348856209150326 0.5735405405405405 0.1476797385620915 0.22508108108108107
6 0.4449101307189542 0.4878243243243243 0.02081699346405221 0.05662162162162159
0 0.5782066993464052 0.5176081081081081 0.01589052287581703 0.12224324324324322
0 0.7693464052287582 0.49228378378378373 0.007173202614379155 0.11381081081081076
0 0.762892156862745 0.4874324324324325 0.005163398692810499 0.08237837837837834
4 0.39887663398692813 0.499 0.017344771241830034 0.044324324324324336
