2 0.5478022875816994 0.730081081081081 0.166078431372549 0.5182702702702703
2 0.9821772875816993 0.746 0.06342320261437917 0.5296216216216216
2 0.6378022875816994 0.5355 0.10063725490196074 0.15397297297297297
2 0.5927410130718954 0.5157432432432432 0.06028594771241827 0.09678378378378379
2 0.5733864379084967 0.5075675675675676 0.05445261437908495 0.07313513513513514
2 0.42984068627450983 0.5124594594594595 0.029044117647058786 0.06389189189189193
2 0.11113562091503268 0.6240675675675676 0.15441176470588236 0.2004054054054054
2 0.48492647058823524 0.48975675675675673 0.019934640522875798 0.04318918918918916
2 0.317859477124183 0.5377432432432433 0.060669934640522866 0.0955945945945946
2 0.3491176470588236 0.5183918918918919 0.04068627450980393 0.0972702702702703
2 0.3911968954248366 0.5075405405405405 0.035612745098039245 0.06556756756756754
2 0.4367279411764706 0.500527027027027 0.0321323529411765 0.0466756756756757
2 0.22352532679738565 0.5320405405405405 0.06311274509803924 0.09813513513513514
2 0.21453431372549023 0.5216891891891892 0.06700980392156863 0.07267567567567564
