1 0.5302124183006536 0.45201351351351354 0.05013071895424838 0.20056756756756758
2 0.018047385620915034 0.5818378378378378 0.03609477124183007 0.12118918918918913
2 0.09119281045751634 0.558554054054054 0.08707516339869281 0.10418918918918922
2 0.15384395424836603 0.5449594594594594 0.056625816993464057 0.08624324324324323
2 0.19914215686274508 0.5324594594594594 0.04888888888888889 0.07102702702702703
2 0.23051470588235298 0.5286486486486486 0.045049019607843147 0.06183783783783783
2 0.2612295751633987 0.5175675675675676 0.032883986928104576 0.061135135135135146
2 0.28016339869281043 0.5145540540540541 0.027924836601307196 0.050837837837837845
4 0.44999591503267977 0.4621486486486487 0.015351307189542546 0.029594594594594563
4 0.41944035947712416 0.4729054054054055 0.009060457516339895 0.023702702702702732
4 0.33420343137254904 0.498418918918919 0.07747549019607847 0.05078378378378376
