0 0.5374550653594772 0.6760810810810811 0.05010620915032683 0.4605405405405406
0 0.5881617647058823 0.6576891891891892 0.061274509803921566 0.4734324324324325
0 0.1865277777777778 0.6794189189189189 0.061274509803921566 0.4891621621621622
3 0.23442401960784315 0.7362432432432432 0.16451797385620914 0.5437297297297298
3 0.33715277777777775 0.6222162162162163 0.06580882352941178 0.35513513513513517
0 0.6188848039215686 0.5378243243243244 0.02232843137254896 0.19035135135135137
0 0.6214460784313726 0.5097027027027027 0.016339869281045753 0.13102702702702707
0 0.6427818627450981 0.5541891891891892 0.018243464052287522 0.21286486486486492
2 0.4177369281045752 0.5122567567567567 0.03650326797385617 0.10894594594594595
4 0.4623774509803922 0.49495945945945946 0.02287581699346405 0.044891891891891855
4 0.47689542483660136 0.504108108108108 0.013611111111111084 0.047837837837837884
