0 0.7164583333333333 0.7053513513513514 0.07407679738562088 0.5867567567567566
0 0.16629901960784316 0.7088378378378378 0.08169934640522876 0.5985405405405405
0 0.04744281045751634 0.7145135135135136 0.09488562091503268 0.5871891891891892
0 1.0005555555555554 0.6658108108108108 0.020130718954248446 0.6845945945945946
0 0.5115400326797386 0.5230945945945946 0.03486111111111117 0.2368378378378379
0 0.6764665032679739 0.6627837837837838 0.03567810457516346 0.4582702702702703
0 0.620829248366013 0.622 0.04438725490196072 0.3838378378378378
0 0.5996936274509804 0.5925270270270271 0.03294934640522879 0.3274324324324325
0 0.671000816993464 0.5627162162162161 0.0579983660130719 0.31305405405405407
0 0.6328145424836602 0.6009054054054054 0.025057189542483628 0.32143243243243247
0 0.6663235294117646 0.5224864864864864 0.04303921568627447 0.252
2 0.4623406862745098 0.49537837837837845 0.04709967320261436 0.12054054054054053
4 0.03566584967320262 0.6753783783783784 0.07133169934640524 0.542
4 0.5579493464052288 0.491472972972973 0.026339869281045758 0.11240540540540533
