6 0.15284313725490198 0.661472972972973 0.30568627450980396 0.6986756756756757
2 0.8355964052287581 0.7580135135135136 0.35658496732026146 0.5055945945945945
2 0.6774509803921569 0.6281891891891892 0.10700980392156864 0.2799459459459461
6 0.0997549019607843 0.5232027027027026 0.1995098039215686 0.377054054054054
2 0.6779697712418301 0.5460540540540542 0.0906127450980392 0.22475675675675674
6 0.5074264705882353 0.49431081081081074 0.03225490196078433 0.11224324324324325
6 0.7356127450980393 0.4678783783783784 0.1412581699346405 0.1755945945945946
2 0.39322712418300654 0.5199864864864865 0.038415032679738545 0.08435135135135137
2 0.3457557189542484 0.5045945945945945 0.04711601307189544 0.11524324324324328
2 0.6096895424836601 0.4985135135135135 0.0434967320261438 0.08362162162162162
6 0.5524346405228758 0.4493378378378378 0.02323529411764701 0.08645945945945949
1 0.521437908496732 0.4342567567567568 0.023006535947712486 0.1194864864864865
4 0.45972630718954244 0.48856756756756753 0.023864379084967257 0.07048648648648652
