2 0.09243055555555556 0.7523783783783784 0.18486111111111111 0.5168648648648649
2 0.1144812091503268 0.6818513513513513 0.2289624183006536 0.411972972972973
2 0.1616952614379085 0.6338108108108108 0.28085784313725487 0.3221621621621622
2 0.20260212418300655 0.594891891891892 0.17680555555555555 0.24524324324324326
2 0.2645343137254902 0.596554054054054 0.16158496732026145 0.2014864864864865
2 0.28145016339869283 0.5743243243243243 0.15780228758169934 0.17654054054054052
2 0.32718954248366017 0.5366216216216216 0.11091503267973855 0.14924324324324323
2 0.34337418300653594 0.5275000000000001 0.11161764705882353 0.16818918918918915
3 0.4554452614379084 0.5228783783783784 0.010057189542483708 0.08105405405405408
2 0.7071650326797385 0.7199324324324324 0.18111111111111108 0.4011081081081081
2 0.7756127450980391 0.5964459459459459 0.2026470588235293 0.2560810810810811
2 0.6878267973856209 0.5701081081081081 0.1186274509803922 0.16151351351351348
2 0.6484109477124183 0.5535405405405406 0.10855392156862745 0.13556756756756755
2 0.629203431372549 0.5418783783783784 0.10191993464052287 0.11078378378378381
2 0.6226429738562091 0.5344189189189189 0.08499183006535946 0.12418918918918924
2 0.39073529411764707 0.5267702702702702 0.07576797385620916 0.08343243243243244
2 0.40482843137254904 0.5209459459459459 0.06553921568627454 0.07697297297297302
2 0.5333047385620915 0.5223648648648648 0.027704248366013137 0.06883783783783784
6 0.5088643790849673 0.4791756756756757 0.012026143790849696 0.04564864864864869
4 0.4802124183006536 0.4820945945945946 0.024673202614379122 0.02624324324324319
