2 0.2225898692810458 0.5810945945945946 0.062238562091503274 0.14797297297297296
6 0.1828390522875817 0.5447297297297298 0.0599591503267974 0.1348108108108108
2 0.6325204248366012 0.5196216216216216 0.038031045751634046 0.07383783783783782
5 0.6995424836601307 0.493972972972973 0.012385620915032747 0.055567567567567575
4 0.09395016339869282 0.574972972972973 0.06536764705882353 0.06794594594594598
4 0.7847630718954248 0.47328378378378383 0.04977124183006532 0.06651351351351348
4 0.27493055555555557 0.5599054054054053 0.042834967320261444 0.0825675675675676
4 0.32250816993464054 0.5286891891891892 0.02464052287581697 0.03418918918918921
4 0.7346119281045751 0.4885675675675676 0.011952614379084963 0.06486486486486487
4 0.679297385620915 0.498418918918919 0.04088235294117644 0.045162162162162185
4 0.8380024509803923 0.4857702702702703 0.03662581699346418 0.04235135135135132
