2 0.4850081699346405 0.5645945945945945 0.048218954248365996 0.13167567567567567
2 0.09164624183006535 0.7326486486486486 0.1832924836601307 0.41572972972972977
2 0.23553513071895427 0.7948783783783784 0.29247549019607844 0.43186486486486486
2 0.35505718954248366 0.661108108108108 0.11179738562091501 0.2914594594594594
2 0.3856862745098039 0.6088513513513513 0.07777777777777772 0.18710810810810807
2 0.3023529411764706 0.5953513513513513 0.10276143790849676 0.1602702702702703
2 0.4439583333333333 0.5306486486486487 0.02783496732026148 0.06859459459459458
2 0.8846854575163399 0.7839459459459459 0.258406862745098 0.4537297297297297
2 0.7519321895424836 0.7773108108108109 0.28160947712418305 0.46699999999999997
2 0.6216013071895424 0.6183513513513513 0.10410130718954246 0.2663783783783784
2 0.5326062091503269 0.5461216216216216 0.03895424836601303 0.09375675675675675
1 0.5294607843137255 0.4721891891891891 0.04640522875816999 0.17745945945945946
0 0.5735784313725489 0.5200405405405405 0.010343137254901935 0.09764864864864864
2 0.1937050653594771 0.5517702702702703 0.07178921568627449 0.0951081081081081
2 0.4825735294117648 0.540581081081081 0.030294117647058857 0.0922432432432433
2 0.06043300653594772 0.5836891891891892 0.11671568627450982 0.14391891891891892
