2 0.5047181372549019 0.5097297297297297 0.021903594771241784 0.06891891891891892
2 0.9424346405228757 0.7874324324324324 0.1429084967320262 0.4467567567567568
2 0.610592320261438 0.5805135135135135 0.08257352941176466 0.19972972972972974
2 0.8315400326797386 0.7424324324324324 0.34912581699346407 0.5367567567567567
2 0.17723856209150327 0.6036621621621622 0.13052287581699346 0.14970270270270275
2 0.04958333333333333 0.610418918918919 0.09916666666666667 0.15348648648648647
2 0.5895915032679739 0.5558513513513513 0.05691176470588233 0.15472972972972973
0 0.5797385620915032 0.5072972972972972 0.008709150326797359 0.09248648648648648
2 0.5550245098039216 0.5200405405405405 0.033676470588235315 0.08905405405405402
4 0.39897875816993467 0.5207027027027027 0.05300653594771237 0.06978378378378376
4 0.5290890522875817 0.48997297297297304 0.023014705882353 0.06205405405405408
