2 0.14544526143790854 0.6228108108108108 0.18180555555555558 0.2152432432432432
2 0.2427532679738562 0.5754054054054054 0.12330065359477123 0.16756756756756758
2 0.27520016339869285 0.5551081081081081 0.10865196078431369 0.143945945945946
2 0.31964460784313725 0.5366891891891892 0.09592320261437906 0.12456756756756758
2 0.3392892156862745 0.5376756756756756 0.07709150326797387 0.09962162162162166
2 0.3575040849673203 0.524472972972973 0.056299019607843157 0.08829729729729727
2 0.37415849673202617 0.5270405405405405 0.05941176470588233 0.06916216216216217
2 0.3835294117647059 0.5100540540540541 0.0518464052287582 0.07778378378378378
2 0.394906045751634 0.509418918918919 0.05198529411764701 0.06970270270270268
2 0.4028553921568627 0.5061081081081081 0.04935457516339867 0.06308108108108108
4 0.5289256535947712 0.4788378378378379 0.011364379084967294 0.027405405405405446
4 0.5092320261437908 0.49786486486486486 0.014248366013071848 0.028918918918918887
4 0.44520833333333326 0.49008108108108106 0.02763888888888892 0.044378378378378346
4 0.7442933006535949 0.4478513513513513 0.30540032679738566 0.046351351351351364
4 0.8342156862745097 0.4956216216216216 0.01875816993464046 0.16340540540540544
4 0.49887254901960787 0.47732432432432437 0.020457516339869253 0.025459459459459426
