2 0.5037254901960784 0.5280135135135136 0.0360294117647059 0.11272972972972975
2 0.9430514705882354 0.7581216216216216 0.14167483660130725 0.5053783783783784
2 0.7964624183006536 0.7034864864864866 0.22279411764705886 0.5209729729729731
2 0.7144934640522875 0.6190810810810811 0.18084967320261439 0.30016216216216207
2 0.6663316993464051 0.5706756756756756 0.14305555555555557 0.23891891891891892
2 0.6421650326797386 0.5591351351351351 0.10521241830065357 0.17070270270270269
2 0.6204738562091504 0.5383378378378378 0.10212418300653595 0.13462162162162164
2 0.4378186274509804 0.49967567567567567 0.017222222222222163 0.03956756756756753
2 0.39428104575163403 0.5309459459459459 0.0347385620915033 0.07837837837837838
2 0.5809885620915033 0.5121621621621621 0.0710130718954249 0.09318918918918924
2 0.5602736928104575 0.505108108108108 0.05696895424836603 0.07210810810810805
6 0.5455106209150327 0.49050000000000005 0.04628267973856207 0.07029729729729735
2 0.3904738562091503 0.5038378378378379 0.025424836601307194 0.05664864864864867
2 0.3680228758169935 0.4977567567567568 0.016617647058823508 0.04313513513513516
4 0.4752369281045752 0.47168918918918923 0.009607843137254988 0.03770270270270267
4 0.4578553921568627 0.4826081081081081 0.015612745098039227 0.019432432432432426
