0 0.7208210784313726 0.6288513513513514 0.04755718954248369 0.48181081081081084
0 0.08230800653594772 0.6279324324324325 0.04530228758169935 0.3207837837837838
0 0.1437745098039216 0.6170675675675675 0.041437908496732026 0.3532162162162163
8 0.7511683006535949 0.6422702702702703 0.07398692810457522 0.2436216216216216
8 0.04608660130718954 0.6340945945945946 0.0492483660130719 0.1565135135135135
3 0.36388480392156863 0.5410675675675676 0.032753267973856186 0.187972972972973
6 0.44779411764705884 0.4956891891891892 0.06071895424836601 0.15672972972972976
0 0.7308415032679738 0.6033378378378379 0.04539215686274515 0.3815405405405405
3 0.5048039215686275 0.522527027027027 0.0342156862745098 0.1164054054054054
4 0.3932312091503268 0.5084864864864864 0.036968954248366014 0.05491891891891898
4 0.6520588235294117 0.5251756756756757 0.02215686274509804 0.08175675675675675
4 0.6856781045751634 0.6434054054054054 0.04173202614379079 0.20562162162162165
4 0.1895261437908497 0.5702162162162163 0.031519607843137266 0.17183783783783788
4 0.27505718954248365 0.5519054054054053 0.03066993464052289 0.11835135135135133
4 0.7920547385620914 0.5561216216216216 0.04683823529411768 0.18872972972972976
