2 0.5871446078431373 0.5715945945945946 0.08074346405228762 0.20810810810810812
2 0.20941176470588235 0.6119459459459459 0.19034313725490196 0.237027027027027
2 0.25323937908496735 0.5947972972972972 0.19365196078431374 0.20510810810810806
2 0.2896446078431372 0.5876756756756757 0.14361928104575164 0.17124324324324328
2 0.34670343137254905 0.5378783783783784 0.11631535947712418 0.1586216216216217
2 0.3324346405228758 0.5561351351351351 0.09619281045751635 0.14816216216216213
2 0.5327859477124183 0.5222162162162162 0.027107843137254953 0.0718378378378378
2 0.5520057189542483 0.543918918918919 0.04058006535947709 0.10918918918918913
5 0.10171977124183006 0.7912297297297297 0.18280228758169934 0.33235135135135135
5 0.1648651960784314 0.7008648648648649 0.1529983660130719 0.30048648648648657
5 0.2157066993464052 0.6809864864864865 0.11419117647058827 0.24878378378378382
5 0.8902328431372549 0.841608108108108 0.247312091503268 0.3384054054054054
4 0.42813725490196075 0.4945675675675676 0.056258169934640535 0.08800000000000001
4 0.4690359477124183 0.48121621621621624 0.024934640522875803 0.06421621621621627
4 0.5019199346405229 0.4831621621621621 0.011013071895424852 0.035891891891891896
4 0.48944852941176475 0.4821621621621622 0.0058905228758170235 0.01383783783783785
4 0.5184477124183006 0.5082702702702703 0.03066993464052294 0.06486486486486487
