2 0.5088398692810457 0.537445945945946 0.04725490196078434 0.14775675675675673
2 0.7958537581699346 0.6772702702702702 0.2204003267973856 0.4371351351351351
2 0.7136315359477123 0.6012567567567567 0.16084150326797386 0.28067567567567564
2 0.6791830065359477 0.5473513513513513 0.12545751633986932 0.22302702702702706
6 0.6121037581699346 0.5099054054054054 0.10587418300653598 0.17867567567567563
2 0.5842361111111112 0.5128648648648648 0.07556372549019609 0.10367567567567564
2 0.5559150326797386 0.49268918918918925 0.04823529411764712 0.06548648648648646
2 0.2743709150326798 0.5334864864864864 0.07052287581699346 0.12335135135135139
6 0.41355392156862747 0.47560810810810816 0.04166666666666671 0.12527027027027027
2 0.3165849673202614 0.5235540540540541 0.05006535947712416 0.09672972972972979
2 0.3501388888888889 0.5196216216216216 0.03767973856209151 0.06605405405405405
2 0.3969607843137255 0.49756756756756754 0.02849673202614379 0.051027027027027015
2 0.25877042483660134 0.5206351351351352 0.04185457516339871 0.08218918918918917
4 0.4563235294117647 0.4815405405405406 0.027271241830065355 0.03389189189189187
