3 0.7482557189542484 0.6118648648648648 0.06572712418300658 0.3855135135135135
0 0.6308006535947712 0.5570810810810811 0.022516339869281 0.25356756756756754
8 0.9570588235294119 0.7387432432432431 0.07341503267973848 0.3222972972972972
8 0.9929575163398694 0.748418918918919 0.04186274509803922 0.2994324324324324
0 1.0035825163398693 0.6183648648648649 0.02061274509803923 0.4293243243243244
0 0.8088031045751634 0.5792432432432433 0.03196895424836601 0.28124324324324335
0 0.7850694444444444 0.5702027027027026 0.026985294117647128 0.24759459459459454
0 0.23554330065359477 0.5685675675675675 0.025612745098039236 0.2071351351351351
0 0.2988766339869281 0.5592297297297297 0.019893790849673222 0.20791891891891895
6 0.4740849673202614 0.4783648648648649 0.04918300653594775 0.1282432432432432
4 0.042295751633986925 0.5842837837837838 0.051944444444444446 0.1831081081081081
4 0.19207516339869282 0.5688108108108108 0.05024509803921571 0.12962162162162164
4 0.4295138888888889 0.5223648648648649 0.03662581699346404 0.11554054054054054
4 0.6690808823529412 0.573027027027027 0.034076797385620854 0.13805405405405408
4 0.6941911764705883 0.542054054054054 0.01790849673202611 0.10427027027027022
4 0.39717728758169935 0.4913783783783784 0.09790032679738556 0.09302702702702707
