2 0.4839910130718954 0.5187837837837838 0.03183823529411767 0.09600000000000003
2 0.1372998366013072 0.7679999999999999 0.2745996732026144 0.49102702702702705
2 0.16093545751633986 0.6131486486486487 0.15345588235294116 0.21310810810810818
2 0.3379003267973856 0.5941756756756758 0.0886437908496732 0.17694594594594595
2 0.2833333333333333 0.5525135135135135 0.0678267973856209 0.12264864864864863
2 0.36970588235294116 0.547445945945946 0.057499999999999996 0.12564864864864866
5 0.4122549019607843 0.5077567567567568 0.04076797385620913 0.14113513513513512
6 0.4213929738562091 0.4939864864864864 0.040057189542483634 0.13305405405405402
6 0.4493790849673202 0.4852567567567568 0.017728758169934584 0.06699999999999998
2 0.06586601307189544 0.5974324324324325 0.13173202614379087 0.21967567567567567
