6 0.5215645424836601 0.5582297297297297 0.07549836601307187 0.27321621621621617
6 0.9845915032679737 0.49225675675675673 0.05859477124183009 0.5167297297297297
2 0.27100490196078436 0.6086351351351351 0.12707516339869282 0.20532432432432432
2 0.16883578431372548 0.5795270270270271 0.15611928104575162 0.2652162162162162
2 0.4383537581699346 0.5335135135135135 0.0561029411764706 0.13162162162162158
2 0.7581372549019608 0.5699324324324324 0.12524509803921574 0.20229729729729737
2 0.5686928104575164 0.49579729729729727 0.03390522875816993 0.1048918918918919
6 0.6099468954248366 0.46164864864864863 0.04092320261437911 0.13027027027027024
2 0.8366789215686274 0.5490810810810811 0.13976307189542497 0.2147567567567567
2 0.9347589869281046 0.5653108108108109 0.15825980392156866 0.18791891891891893
1 0.5629207516339869 0.4402432432432432 0.03858660130718956 0.18437837837837837
5 0.09241830065359477 0.6511891891891892 0.18483660130718954 0.16216216216216217
2 0.04594362745098039 0.6118648648648648 0.09188725490196079 0.18437837837837837
5 0.013799019607843138 0.5533243243243243 0.027598039215686276 0.13351351351351354
