2 0.10524101307189543 0.6505945945945947 0.21048202614379086 0.2591351351351352
2 0.17910539215686272 0.622 0.18870098039215683 0.2151891891891891
2 0.31845588235294114 0.5426216216216216 0.10578431372549016 0.14594594594594595
2 0.39836192810457516 0.5248783783783784 0.05165849673202616 0.0684594594594595
3 0.6935580065359477 0.5110945945945946 0.02605392156862744 0.14110810810810814
3 0.6613357843137254 0.5086216216216216 0.01747549019607842 0.10464864864864865
3 0.6436233660130719 0.5090810810810811 0.014338235294117702 0.08951351351351344
4 0.5044485294117648 0.5046081081081081 0.02062908496732026 0.04754054054054055
4 0.5814583333333334 0.48452702702702705 0.07085784313725492 0.026837837837837858
4 0.7906004901960784 0.4652162162162162 0.12110294117647051 0.04475675675675676
4 0.47377450980392166 0.49421621621621625 0.01790849673202611 0.025459459459459426
