2 0.06347222222222222 0.762445945945946 0.12694444444444444 0.49672972972972973
2 0.3220343137254902 0.5996486486486486 0.09369281045751635 0.20783783783783785
3 0.4335294117647059 0.5299189189189188 0.016192810457516287 0.11486486486486487
3 0.447577614379085 0.5290135135135136 0.014256535947712362 0.10732432432432434
2 0.3975857843137255 0.5441621621621622 0.04409313725490194 0.09427027027027025
3 0.4521160130718954 0.5121351351351352 0.011160130718954315 0.07481081081081083
2 0.5274387254901961 0.5092837837837838 0.020955882352941158 0.05700000000000001
2 0.6148897058823529 0.6009054054054054 0.10345588235294127 0.262027027027027
4 0.5107883986928105 0.49278378378378374 0.015351307189542546 0.06767567567567566
4 0.5580187908496732 0.4772972972972973 0.016200980392156804 0.031081081081081083
