2 0.48453431372549016 0.5189054054054054 0.033235294117647016 0.10024324324324325
2 0.04421160130718954 0.6868378378378378 0.08842320261437908 0.3142162162162162
2 0.23255718954248364 0.6878783783783784 0.18602941176470586 0.3272702702702703
2 0.20774101307189544 0.5852027027027027 0.10852124183006534 0.17445945945945948
2 0.32502450980392156 0.5783513513513514 0.08944444444444447 0.17929729729729732
6 0.31932189542483663 0.5298513513513514 0.059068627450980404 0.13359459459459452
5 0.39200571895424835 0.5158108108108108 0.05384803921568625 0.1804324324324324
6 0.4076429738562091 0.5012972972972973 0.051364379084967327 0.16475675675675677
2 0.4287459150326797 0.5082972972972972 0.028749999999999998 0.07994594594594598
6 0.44735294117647056 0.4848243243243243 0.019869281045751676 0.07381081081081081
