2 0.4991462418300653 0.5493783783783783 0.04775326797385615 0.12843243243243246
2 0.27135620915032677 0.6082972972972973 0.15035947712418302 0.21735135135135125
2 0.3201184640522876 0.5891351351351352 0.1183251633986928 0.16713513513513514
2 0.35690359477124184 0.545554054054054 0.07495098039215688 0.12143243243243246
2 0.4347058823529411 0.5602702702702703 0.05405228758169932 0.11654054054054055
6 0.6753472222222222 0.555527027027027 0.19432189542483652 0.5412162162162162
2 0.5888153594771243 0.5703648648648649 0.07313725490196077 0.16748648648648648
2 0.5685539215686274 0.5553378378378379 0.0535457516339869 0.11997297297297294
2 0.5564705882352942 0.5244054054054054 0.03825163398692805 0.1087027027027027
2 0.5282557189542484 0.5102027027027026 0.022867647058823538 0.058837837837837866
2 0.11542892156862745 0.6315135135135135 0.15226307189542485 0.21540540540540537
6 0.21105392156862743 0.5519594594594595 0.12866013071895424 0.24040540540540536
2 0.49817810457516337 0.5258378378378379 0.031830065359477154 0.09610810810810812
2 0.08766748366013072 0.5682027027027028 0.09933823529411764 0.13440540540540538
4 0.4546200980392156 0.481527027027027 0.027263071895424842 0.056405405405405416
