2 0.5063602941176472 0.6161621621621621 0.08422385620915035 0.26335135135135135
2 0.9763602941176471 0.7632972972972973 0.07505718954248357 0.495027027027027
6 0.3944607843137255 0.524391891891892 0.04596405228758169 0.11332432432432435
0 0.7136397058823529 0.5460945945945946 0.021919934640522817 0.17775675675675678
0 0.7942401960784314 0.5359864864864865 0.018872549019607863 0.1326216216216216
0 0.905923202614379 0.5293648648648649 0.016977124183006512 0.17164864864864862
0 0.8474959150326797 0.5146486486486487 0.0072467320261437014 0.10956756756756754
2 0.03909722222222222 0.5709324324324324 0.07819444444444444 0.09570270270270269
4 0.446875 0.4907297297297297 0.012459150326797386 0.037567567567567586
4 0.4261151960784314 0.505472972972973 0.016200980392156897 0.047972972972972976
