2 0.0571609477124183 0.7318918918918917 0.1143218954248366 0.3377297297297297
2 0.0904452614379085 0.6414459459459458 0.180890522875817 0.3094864864864864
2 0.15765522875816995 0.6263243243243243 0.1964869281045752 0.23837837837837836
2 0.2389828431372549 0.581418918918919 0.13871732026143793 0.18337837837837845
2 0.3091584967320261 0.5517297297297297 0.06053921568627448 0.11027027027027023
2 0.3372058823529412 0.5416351351351352 0.08039215686274508 0.10418918918918922
2 0.3981617647058824 0.5245135135135135 0.030359477124183028 0.07600000000000001
4 0.5043096405228757 0.4868243243243243 0.02087418300653591 0.03316216216216211
4 0.5425245098039215 0.4958513513513514 0.016977124183006606 0.053486486486486545
4 0.564640522875817 0.48708108108108106 0.0100490196078431 0.03940540540540536
4 0.424203431372549 0.5018918918918919 0.02840686274509807 0.06454054054054052
4 0.7624142156862744 0.4350135135135135 0.21048202614379086 0.09197297297297298
4 0.9613521241830066 0.4446351351351351 0.10342320261437901 0.10916216216216221
4 0.4452614379084967 0.4913783783783784 0.020457516339869253 0.025459459459459502
4 0.5916421568627451 0.46886486486486484 0.020457516339869343 0.031081081081081083
