2 0.9847875816993465 0.7549864864864866 0.05820261437908497 0.5116486486486487
2 0.4804575163398692 0.586027027027027 0.22174836601307185 0.2925945945945946
2 0.011875 0.49898648648648647 0.02375 0.11208108108108115
2 0.9989910130718953 0.631972972972973 0.029795751633986952 0.31454054054054054
2 0.7330718954248365 0.5539054054054053 0.09820261437908501 0.15618918918918917
2 0.835298202614379 0.5035000000000001 0.06430555555555559 0.11262162162162159
4 0.01406045751633987 0.5293918918918918 0.02812091503267974 0.1071081081081081
4 0.6337622549019607 0.4702702702702703 0.03662581699346409 0.07329729729729731
4 0.8963398692810457 0.47306756756756757 0.040882352941176626 0.12397297297297298
4 0.9661111111111111 0.4688783783783784 0.06130718954248363 0.0761351351351351
4 0.7678063725490196 0.45899999999999996 0.10556372549019602 0.06767567567567566
