2 0.9006290849673202 0.7768513513513513 0.22651960784313724 0.4679189189189189
2 0.197843137254902 0.5881891891891892 0.14297385620915035 0.18502702702702706
0 0.3384232026143791 0.5450945945945946 0.018709150326797413 0.18240540540540542
3 0.856188725490196 0.5713108108108108 0.11107026143790853 0.25245945945945936
2 0.4999428104575163 0.5136756756756757 0.07802287581699346 0.10216216216216219
2 0.6940890522875818 0.49705405405405406 0.08378267973856214 0.08227027027027027
6 0.9191421568627453 0.47832432432432437 0.09086601307189544 0.10902702702702703
2 0.4885089869281045 0.5107297297297297 0.05567810457516338 0.07816216216216221
2 0.2397671568627451 0.531391891891892 0.0779003267973856 0.09262162162162164
2 0.4745179738562091 0.49944594594594593 0.02080065359477118 0.046621621621621624
2 0.4420588235294117 0.5021621621621621 0.024558823529411813 0.04816216216216222
4 0.5971732026143791 0.47308108108108116 0.0110947712418301 0.028270270270270292
4 0.553766339869281 0.47871621621621624 0.0110947712418301 0.03954054054054053
