2 0.07327205882352941 0.687027027027027 0.14654411764705882 0.3129189189189188
7 0.5810375816993465 0.45797297297297296 0.0342156862745098 0.09735135135135138
2 0.20986928104575164 0.5851621621621621 0.11388888888888887 0.21648648648648647
2 0.2796732026143791 0.574472972972973 0.0759313725490196 0.13424324324324322
2 0.31959150326797386 0.5485810810810811 0.06627450980392158 0.13245945945945944
2 0.37508169934640523 0.5355270270270269 0.04161764705882353 0.08467567567567572
2 0.3945669934640523 0.5264864864864865 0.03441176470588236 0.07156756756756753
4 0.43717320261437903 0.49982432432432433 0.021307189542483694 0.047972972972972976
4 0.6273856209150327 0.47871621621621624 0.01024509803921575 0.056405405405405416
4 0.6780147058823529 0.48293243243243245 0.011094771241830005 0.08737837837837834
4 0.5512132352941176 0.4716756756756757 0.014501633986928105 0.031081081081081083
