2 0.14020016339869282 0.7447567567567568 0.26115196078431374 0.4724324324324324
3 0.3873406862745098 0.5637567567567567 0.03290032679738561 0.2027567567567567
3 0.4122957516339869 0.5606081081081081 0.02568627450980392 0.18613513513513516
2 0.36753676470588237 0.5587297297297298 0.0648611111111111 0.12897297297297297
3 0.43595179738562095 0.5209864864864865 0.015661764705882413 0.10743243243243243
2 0.42858660130718945 0.5235540540540541 0.03522875816993464 0.0674324324324324
2 0.5357475490196079 0.511027027027027 0.02504084967320269 0.06799999999999999
2 0.8310416666666666 0.7423648648648649 0.36569444444444443 0.5368918918918919
4 0.517173202614379 0.47590540540540544 0.017908496732026203 0.03954054054054053
4 0.5703676470588236 0.5054459459459459 0.03748366013071895 0.12116216216216219
