2 0.10366830065359477 0.723891891891892 0.20733660130718953 0.4344864864864865
2 0.12522467320261438 0.6502567567567566 0.25044934640522876 0.3283513513513513
2 0.6212949346405228 0.6214054054054053 0.09445261437908498 0.21167567567567566
2 0.2227614379084967 0.6214999999999999 0.19289215686274508 0.2533243243243243
6 0.2652042483660131 0.587554054054054 0.152140522875817 0.2408378378378378
2 0.30791666666666667 0.567135135135135 0.11362745098039215 0.17221621621621622
2 0.6709109477124182 0.5695 0.11656045751633984 0.12478378378378382
2 0.3579003267973856 0.5105945945945947 0.09173202614379082 0.1576216216216217
6 0.5348529411764706 0.498 0.03362745098039213 0.11567567567567563
2 0.3929084967320261 0.5229054054054054 0.07044117647058822 0.07808108108108104
2 0.41026143790849673 0.5134189189189189 0.061633986928104574 0.08467567567567563
6 0.5214093137254903 0.4867027027027027 0.022883986928104567 0.08902702702702701
4 0.4631372549019609 0.49699999999999994 0.027271241830065355 0.07048648648648652
4 0.4963235294117647 0.48714864864864865 0.028970588235294147 0.05078378378378376
