2 0.8448406862745098 0.725918918918919 0.3380964052287582 0.5697837837837838
2 0.0810702614379085 0.7479324324324325 0.162140522875817 0.4480810810810811
2 0.6702614379084967 0.660581081081081 0.1576797385620915 0.3200810810810811
2 0.5831331699346405 0.5527432432432432 0.06334150326797383 0.17921621621621614
2 0.2960416666666667 0.5684459459459459 0.1521813725490196 0.17867567567567563
2 0.324562908496732 0.5298243243243244 0.09763888888888889 0.17272972972972972
2 0.3743096405228758 0.5295945945945946 0.08008986928104578 0.10264864864864862
2 0.4197263071895425 0.48283783783783785 0.053929738562091496 0.08394594594594595
2 0.5464624183006536 0.5195270270270271 0.03308823529411765 0.08640540540540541
2 0.5194403594771242 0.48728378378378384 0.016789215686274565 0.042891891891891826
4 0.46951388888888884 0.4688648648648649 0.02641339869281049 0.05924324324324321
4 0.5031290849673202 0.47590540540540544 0.03066993464052294 0.03954054054054053
