6 0.18243872549019607 0.6383378378378378 0.36487745098039215 0.744945945945946
2 0.06178104575163399 0.797918918918919 0.12356209150326798 0.4257837837837838
2 0.9182434640522876 0.7870810810810811 0.1912908496732026 0.4474594594594595
2 0.5781290849673204 0.5709594594594595 0.06790849673202615 0.16289189189189185
2 0.426797385620915 0.5261756756756757 0.030375816993464057 0.06764864864864865
2 0.3641830065359477 0.5765135135135135 0.0649673202614379 0.14059459459459456
2 0.38804738562091506 0.5539459459459459 0.052352941176470574 0.11156756756756757
2 0.2778799019607843 0.655391891891892 0.12438725490196079 0.21554054054054053
4 0.44785947712418306 0.498527027027027 0.02560457516339872 0.03883783783783777
4 0.4858251633986928 0.4830675675675676 0.018774509803921584 0.03202702702702701
4 0.4652614379084967 0.48856756756756753 0.0196078431372549 0.025459459459459426
4 0.521000816993464 0.4843513513513513 0.04428921568627445 0.03389189189189187
