2 0.9710253267973855 0.7644189189189189 0.08572712418300658 0.4927837837837838
2 0.28148692810457515 0.6207837837837837 0.1116830065359477 0.22259459459459463
2 0.6976756535947711 0.6654864864864866 0.17512254901960786 0.3703243243243243
2 0.625061274509804 0.5875 0.09798202614379081 0.22294594594594597
2 0.3377859477124183 0.5837567567567568 0.06602941176470588 0.1527567567567568
0 0.6255841503267974 0.5057972972972973 0.014697712418300661 0.1614324324324324
0 0.6371323529411764 0.5045405405405405 0.01375816993464055 0.16118918918918915
2 0.5961437908496733 0.5547837837837837 0.0593137254901961 0.14454054054054052
4 0.041719771241830066 0.5913243243243244 0.08343954248366013 0.16902702702702702
4 0.10825571895424836 0.5758378378378378 0.09365196078431372 0.09302702702702707
4 0.3793096405228758 0.5068783783783785 0.043439542483660144 0.045162162162162185
4 0.7248243464052287 0.47871621621621624 0.06386437908496728 0.08456756756756763
