2 0.9359109477124181 0.7383108108108108 0.15595588235294125 0.545
2 0.07279003267973856 0.7817297297297298 0.14558006535947712 0.4581621621621622
2 0.30165849673202616 0.6077162162162163 0.1003104575163399 0.1993243243243244
2 0.35073529411764703 0.573472972972973 0.067140522875817 0.13699999999999998
2 0.37805964052287583 0.5549324324324324 0.047165032679738574 0.11040540540540539
2 0.3996732026143791 0.5406891891891892 0.04045751633986931 0.08851351351351351
2 0.6891013071895425 0.47347297297297297 0.09104575163398688 0.11500000000000003
2 0.6548488562091503 0.46856756756756757 0.06737745098039218 0.1
2 0.9664133986928104 0.41275675675675677 0.09495098039215688 0.11199999999999999
2 0.9382312091503268 0.4117972972972973 0.11182189542483652 0.11164864864864865
2 0.9112050653594772 0.4174189189189189 0.10822712418300656 0.09429729729729726
2 0.8849959150326796 0.42810810810810807 0.0993545751633987 0.08962162162162161
2 0.42270424836601306 0.5232837837837838 0.032990196078431414 0.07159459459459462
2 0.5604370915032679 0.5052972972972973 0.03340686274509803 0.08648648648648649
4 0.5103799019607842 0.47847297297297303 0.011576797385620882 0.03775675675675676
4 0.45207107843137256 0.5026486486486487 0.035776143790849646 0.05924324324324321
4 0.5367442810457517 0.4871621621621622 0.0247140522875817 0.062054054054054
4 0.6227001633986927 0.481527027027027 0.04513888888888889 0.056405405405405416
