2 0.23462826797385622 0.5908513513513514 0.18530228758169934 0.27802702702702703
2 0.2937377450980392 0.5607567567567568 0.14652777777777776 0.1869189189189189
2 0.7026552287581699 0.47356756756756757 0.0637091503267974 0.13367567567567562
2 0.7457271241830066 0.4804189189189189 0.0559640522875817 0.09397297297297293
2 0.3369566993464052 0.5448648648648649 0.11280228758169938 0.12886486486486487
2 0.3473202614379085 0.5354324324324324 0.086781045751634 0.11778378378378382
2 0.36321895424836603 0.5192297297297298 0.10166666666666667 0.12456756756756758
4 0.4073897058823529 0.4956081081081081 0.057050653594771183 0.07332432432432431
4 0.44654003267973863 0.4829459459459459 0.0332271241830065 0.07048648648648645
4 0.6418504901960784 0.4575945945945946 0.04598856209150324 0.05924324324324329
4 0.7971609477124182 0.44916216216216215 0.03662581699346409 0.05924324324324329
4 0.5397303921568628 0.4702702702702703 0.06812091503267974 0.062054054054054
