2 0.4900980392156863 0.529527027027027 0.03106209150326796 0.09364864864864866
2 0.14640114379084967 0.7697297297297298 0.29280228758169935 0.4875675675675676
2 0.08770833333333333 0.6882567567567568 0.17541666666666667 0.34532432432432436
2 0.286858660130719 0.5789864864864865 0.08242647058823528 0.14516216216216218
2 0.38573529411764707 0.5966756756756756 0.08032679738562086 0.17427027027027026
2 0.3457107843137255 0.5448108108108107 0.0509640522875817 0.10037837837837842
2 0.41303104575163396 0.5429054054054054 0.04078431372549021 0.08818918918918918
6 0.44140114379084966 0.491945945945946 0.029975490196078477 0.11470270270270269
2 0.03279820261437909 0.629108108108108 0.06559640522875818 0.23583783783783782
2 0.11541666666666665 0.5957972972972972 0.1355718954248366 0.17727027027027029
2 0.2525326797385621 0.5509054054054053 0.06214052287581699 0.09570270270270269
