2 0.1461437908496732 0.6107162162162162 0.2922875816993464 0.8001891891891891
2 0.7563276143790849 0.744945945945946 0.25178921568627444 0.4596756756756757
2 0.9337499999999999 0.8007162162162161 0.16027777777777782 0.4201891891891892
2 0.4064869281045752 0.519918918918919 0.04727124183006537 0.12637837837837834
2 0.2770955882352941 0.6598648648648648 0.17247549019607844 0.38951351351351343
2 0.6436478758169935 0.6169594594594594 0.10955065359477127 0.25397297297297294
2 0.5875980392156863 0.5514324324324325 0.06640522875816991 0.15767567567567561
2 0.5578063725490197 0.5297432432432432 0.05049836601307185 0.1282432432432432
2 0.5412745098039216 0.5171756756756757 0.03939542483660133 0.09602702702702703
4 0.489938725490196 0.4702702702702703 0.07747549019607847 0.062054054054054
4 0.4333496732026144 0.49278378378378374 0.027271241830065355 0.06205405405405408
