2 0.5055882352941176 0.6151621621621621 0.09482026143790855 0.29648648648648646
2 0.9055596405228757 0.7201891891891893 0.2166584967320262 0.5812432432432433
2 0.805298202614379 0.6723513513513514 0.2092401960784314 0.3943243243243244
2 0.019048202614379086 0.6031756756756756 0.03809640522875817 0.2721891891891891
6 0.4263888888888889 0.5009189189189189 0.029950980392156882 0.07875675675675672
0 0.6439869281045751 0.5217297297297298 0.021241830065359478 0.1495675675675676
0 0.764125816993464 0.5074054054054055 0.010016339869281039 0.10567567567567566
0 0.8371691176470588 0.5068513513513513 0.011282679738562047 0.1414324324324324
0 0.8092769607843138 0.5044594594594594 0.006707516339869218 0.0962162162162162
2 0.09587826797385621 0.5529189189189189 0.07494281045751634 0.08291891891891887
4 0.020866013071895423 0.602608108108108 0.041732026143790846 0.2760270270270269
4 0.3882393790849673 0.5054594594594595 0.027263071895424842 0.06486486486486487
