2 0.6978676470588235 0.6803243243243243 0.19498366013071894 0.4147567567567567
2 0.07191993464052288 0.6770675675675676 0.14383986928104575 0.2838108108108108
2 0.9639705882352942 0.7704054054054055 0.09983660130718958 0.48081081081081084
2 0.6166748366013072 0.5756081081081081 0.08897058823529409 0.22527027027027025
2 0.32921160130718957 0.6187972972972973 0.09932189542483659 0.2135405405405405
2 0.3755555555555556 0.563027027027027 0.06660130718954246 0.17513513513513518
2 0.5698570261437909 0.5409324324324324 0.052671568627451 0.13754054054054057
2 0.4078022875816994 0.5472297297297297 0.04785947712418304 0.13272972972972977
2 0.5615400326797386 0.5272702702702703 0.047818627450980464 0.10308108108108105
6 0.5494117647058824 0.47693243243243244 0.04655228758169936 0.16013513513513514
2 0.5211968954248366 0.49932432432432433 0.01932189542483658 0.0495675675675675
2 0.4452287581699347 0.5121216216216217 0.020604575163398715 0.044189189189189175
4 0.48994281045751636 0.488554054054054 0.01790849673202611 0.053594594594594626
4 0.4724959150326798 0.4942027027027028 0.027263071895424842 0.04235135135135132
