3 0.19018790849673203 0.5274054054054054 0.025163398692810465 0.09264864864864865
2 0.17734477124183007 0.5577027027027027 0.07379084967320264 0.10502702702702707
6 0.25863153594771243 0.5060945945945946 0.04884803921568624 0.09256756756756757
5 0.28770424836601305 0.5097972972972973 0.02620915032679737 0.06483783783783786
4 0.37930555555555556 0.504054054054054 0.017908496732026158 0.039513513513513523
4 0.4069607843137255 0.4913783783783784 0.010245098039215656 0.031081081081081083
4 0.4343423202614379 0.49178378378378373 0.03582516339869278 0.028810810810810803
4 0.32611928104575166 0.4984189189189189 0.03748366013071895 0.056405405405405416
4 0.5418545751633987 0.48717567567567566 0.0196078431372549 0.045162162162162185
4 0.5065400326797387 0.4829459459459459 0.011952614379084963 0.03670270270270266
