2 0.23174428104575162 0.6510135135135136 0.1320016339869281 0.2428378378378379
2 0.6028921568627451 0.5683378378378379 0.08212418300653603 0.19148648648648647
2 0.31399918300653595 0.5960675675675676 0.08538398692810457 0.1598108108108109
2 0.3708169934640523 0.5492567567567568 0.05434640522875815 0.13327027027027027
2 0.3925816993464052 0.5394594594594594 0.04145424836601308 0.09810810810810813
2 0.5266462418300654 0.4968513513513514 0.016233660130718957 0.04710810810810813
6 0.9936846405228758 0.4430675675675676 0.04040849673202617 0.16494594594594594
4 0.4410049019607843 0.49982432432432433 0.020457516339869253 0.047972972972972976
4 0.4665359477124183 0.5012432432432433 0.027271241830065355 0.05643243243243242
4 0.5022794117647058 0.47871621621621624 0.030669934640522846 0.056405405405405416
4 0.572920751633987 0.4815270270270271 0.06301470588235293 0.045162162162162185
4 0.6635539215686275 0.4575945945945946 0.06897058823529409 0.09302702702702707
