3 0.0829125816993464 0.7717297297297298 0.1658251633986928 0.4781621621621621
2 0.15021650326797387 0.6475675675675676 0.2673611111111111 0.27464864864864874
2 0.23010212418300652 0.6158783783783783 0.19776960784313724 0.22018918918918925
2 0.2921200980392157 0.5815540540540541 0.11334150326797388 0.1613243243243243
2 0.579828431372549 0.5805405405405406 0.07707516339869283 0.18091891891891893
2 0.3626674836601307 0.5427027027027027 0.08347222222222224 0.10735135135135135
2 0.5396691176470588 0.5237702702702703 0.03319444444444444 0.09148648648648647
6 0.5129820261437908 0.47862162162162164 0.0159803921568627 0.060756756756756805
4 0.42781045751633984 0.504054054054054 0.05194444444444438 0.07329729729729731
4 0.4614338235294118 0.4801216216216216 0.04428921568627445 0.053594594594594626
4 0.4976021241830066 0.4843513513513513 0.02301470588235291 0.028270270270270292
4 0.9836192810457517 0.6927027027027027 0.05890522875816986 0.6308108108108108
