6 0.3836233660130719 0.5042432432432432 0.028929738562091478 0.1032972972972973
3 0.43987336601307186 0.5886891891891892 0.04419117647058826 0.2705675675675676
2 0.8764338235294119 0.7389189189189188 0.27491013071895426 0.5437837837837838
2 0.6177532679738562 0.6672297297297297 0.1805882352941176 0.36429729729729726
2 0.14095179738562089 0.690554054054054 0.1800081699346405 0.32045945945945953
6 0.21926879084967318 0.6057027027027028 0.10355392156862746 0.23551351351351354
2 0.5141748366013073 0.5680675675675676 0.08581699346405226 0.21002702702702697
2 0.47705065359477133 0.5492027027027027 0.06751633986928103 0.15229729729729727
2 0.25870915032679737 0.5922297297297298 0.059346405228758205 0.14764864864864863
0 0.6057107843137255 0.5286486486486486 0.023921568627450956 0.1924324324324324
2 0.2769240196078432 0.5594594594594594 0.044681372549019605 0.11102702702702698
2 0.4529044117647059 0.5336216216216216 0.04435457516339866 0.1076216216216216
4 0.346968954248366 0.4942027027027028 0.009395424836601307 0.0761351351351351
4 0.2963357843137255 0.4787027027027027 0.08343954248366013 0.13524324324324322
4 0.3605841503267974 0.4688648648648649 0.014501633986928105 0.025459459459459426
