2 0.8486356209150326 0.6679324324324324 0.3305065359477124 0.6857567567567568
2 0.6914460784313725 0.6783918918918919 0.1828921568627451 0.3926756756756756
2 0.5674142156862745 0.5716081081081081 0.07932189542483653 0.17197297297297295
3 0.37289215686274507 0.5546891891891892 0.02049019607843136 0.1532702702702703
2 0.3291707516339869 0.5811081081081081 0.06486111111111115 0.14237837837837838
2 0.5219607843137255 0.5297837837837838 0.05748366013071887 0.1414054054054054
2 0.4739583333333333 0.530972972972973 0.03569444444444449 0.08264864864864868
3 0.3928390522875817 0.5448378378378379 0.017001633986928107 0.1365405405405405
4 0.4333537581699346 0.5085405405405405 0.017671568627450975 0.05048648648648651
4 0.4127165032679738 0.4993108108108108 0.020155228758169948 0.04354054054054058
4 0.44696078431372543 0.5251621621621622 0.01875816993464046 0.07048648648648645
