2 0.5226674836601307 0.5926621621621622 0.0628839869281046 0.19808108108108113
2 0.6674877450980392 0.5742432432432433 0.12267156862745106 0.20091891891891886
2 0.6034763071895425 0.5459999999999999 0.06933823529411764 0.11529729729729729
2 0.5780882352941177 0.5358648648648648 0.06106209150326798 0.0848108108108108
2 0.04070669934640523 0.6817702702702703 0.08141339869281046 0.24483783783783786
2 0.35520424836601305 0.5672567567567567 0.06081699346405228 0.12272972972972972
2 0.43606617647058826 0.5316486486486486 0.03129901960784309 0.07427027027027024
2 0.47219771241830066 0.5167837837837838 0.022124183006535982 0.054108108108108136
2 0.2836478758169934 0.5761891891891892 0.07327614379084967 0.11729729729729724
2 0.3215604575163399 0.5490135135135135 0.04991830065359475 0.11181081081081082
2 0.3739460784313725 0.5338243243243243 0.03900326797385622 0.07337837837837839
2 0.42669117647058824 0.5278783783783784 0.03457516339869276 0.052189189189189196
2 0.17158496732026143 0.5678648648648649 0.07901960784313726 0.119027027027027
2 0.16785130718954247 0.5461486486486486 0.08047385620915033 0.08554054054054056
