0 0.1543014705882353 0.5042972972972972 0.03092320261437908 0.13994594594594595
2 0.1589174836601307 0.479472972972973 0.06463235294117646 0.15564864864864858
2 0.20991830065359476 0.499027027027027 0.060915032679738586 0.11221621621621625
2 0.2691544117647059 0.4875135135135135 0.06906045751633985 0.09486486486486485
6 0.4223529411764706 0.4713243243243243 0.060637254901960806 0.11102702702702706
2 0.44680147058823527 0.4767162162162162 0.04567810457516346 0.0734324324324324
2 0.48539624183006536 0.47112162162162163 0.047769607843137274 0.07640540540540536
2 0.5135375816993465 0.48087837837837843 0.05125816993464053 0.058837837837837866
2 0.5388398692810458 0.47855405405405405 0.0372385620915033 0.058999999999999955
2 0.5578472222222223 0.47902702702702704 0.0421813725490196 0.055243243243243235
2 0.5804697712418301 0.47424324324324324 0.04839052287581701 0.05697297297297293
6 0.6144321895424837 0.45520270270270274 0.04924019607843145 0.07759459459459461
2 0.6323692810457516 0.46506756756756756 0.04300653594771241 0.05202702702702703
2 0.6490196078431373 0.46674324324324323 0.03722222222222218 0.04721621621621621
4 0.8686192810457517 0.4336756756756757 0.0315196078431372 0.05643243243243242
4 0.20059232026143792 0.4477567567567568 0.3293872549019608 0.10145945945945944
4 0.7001470588235295 0.4632432432432433 0.09109477124183006 0.06486486486486487
4 0.9103472222222223 0.422418918918919 0.2000245098039216 0.05078378378378376
