6 0.8121200980392157 0.5054054054054054 0.40353758169934634 1.0108108108108107
2 0.11041258169934641 0.6648513513513513 0.22082516339869282 0.4365675675675676
2 0.14270424836601306 0.6258108108108108 0.2854084967320261 0.31059459459459454
2 0.27874591503267976 0.5576756756756757 0.17549836601307187 0.19983783783783785
2 0.36340277777777774 0.5262297297297297 0.1087173202614379 0.12143243243243237
6 0.36107026143790855 0.4825540540540541 0.1305228758169935 0.207972972972973
2 0.5660743464052288 0.540581081081081 0.05164215686274513 0.12532432432432425
2 0.6269444444444444 0.5232162162162163 0.0706862745098039 0.09945945945945948
4 0.5167442810457515 0.4759054054054053 0.017050653594771245 0.045162162162162185
4 0.4537704248366013 0.48293243243243245 0.06641339869281043 0.08175675675675675
4 0.5039869281045751 0.4702702702702703 0.028970588235294147 0.03389189189189195
