2 0.09147058823529411 0.7837972972972973 0.18294117647058822 0.4540270270270271
2 0.21281454248366014 0.6904324324324324 0.20780228758169936 0.3337837837837837
2 0.8551919934640524 0.762054054054054 0.31739379084967323 0.49751351351351353
2 0.39382352941176474 0.5418513513513514 0.04913398692810456 0.11456756756756761
2 0.7027941176470588 0.6602027027027028 0.1602614379084967 0.33597297297297296
2 0.6378390522875818 0.5836891891891892 0.08799836601307193 0.20510810810810806
2 0.6046854575163398 0.5556216216216215 0.0650898692810458 0.14756756756756756
2 0.4133864379084967 0.5317567567567567 0.04407679738562095 0.09978378378378383
2 0.5902205882352942 0.5360945945945946 0.046290849673202586 0.11494594594594595
4 0.5154738562091503 0.49139189189189186 0.03151960784313729 0.047972972972972976
4 0.5468913398692811 0.4909054054054054 0.03634803921568628 0.056891891891891845
