2 0.9600531045751635 0.5697702702702703 0.10767156862745095 0.34170270270270264
2 0.053496732026143794 0.7508783783783785 0.10699346405228759 0.5112702702702703
2 0.12167075163398694 0.6374324324324324 0.24334150326797388 0.43427027027027026
2 0.255359477124183 0.5621621621621622 0.18477124183006535 0.24070270270270272
2 0.2852410130718954 0.5619054054054055 0.1643872549019608 0.17267567567567563
2 0.1586437908496732 0.6076891891891892 0.2519117647058824 0.27208108108108114
2 0.40461601307189543 0.515472972972973 0.08343137254901957 0.08608108108108106
2 0.8991135620915032 0.5302027027027028 0.13776960784313716 0.18294594594594593
2 0.5932679738562092 0.5154189189189189 0.09019607843137253 0.10581081081081083
2 0.5834803921568628 0.5030945945945946 0.08467320261437908 0.11099999999999999
4 0.5031331699346405 0.488554054054054 0.013651960784313756 0.08737837837837842
4 0.4350449346405229 0.4970135135135135 0.04598856209150324 0.08175675675675675
