2 0.9501184640522877 0.7870675675675677 0.12754084967320253 0.4474864864864865
2 0.14428513071895424 0.793527027027027 0.2885702614379085 0.43456756756756754
2 0.6457352941176471 0.6461486486486487 0.12683006535947713 0.3004594594594595
2 0.335187908496732 0.614527027027027 0.103937908496732 0.23283783783783776
2 0.40428104575163404 0.5531081081081081 0.043366013071895415 0.11221621621621625
3 0.4658578431372549 0.514445945945946 0.008562091503267989 0.06851351351351358
3 0.4756127450980393 0.5106891891891892 0.008039215686274536 0.06445945945945944
2 0.4310334967320262 0.5331756756756757 0.028161764705882376 0.06656756756756756
2 0.5273406862745098 0.5047162162162162 0.01672385620915035 0.04548648648648644
2 0.5591993464052288 0.536054054054054 0.04614379084967322 0.12443243243243249
4 0.5127410130718955 0.49075675675675673 0.02023692810457515 0.07151351351351354
