2 0.5212459150326797 0.6005945945945946 0.06567810457516349 0.18113513513513507
2 0.2726062091503268 0.554 0.06446078431372547 0.11259459459459459
3 0.6864705882352942 0.5581216216216216 0.06501633986928099 0.16218918918918918
6 0.5677941176470589 0.5195405405405406 0.04426470588235299 0.15459459459459465
0 0.41658496732026146 0.5520405405405405 0.012532679738562117 0.16343243243243244
6 0.34686683006535945 0.5228513513513513 0.03584150326797386 0.07948648648648647
2 0.40480800653594773 0.5411486486486488 0.07090686274509805 0.10564864864864866
2 0.42251225490196076 0.5344594594594595 0.06481209150326801 0.07605405405405402
2 0.44005718954248363 0.5346891891891892 0.048741830065359495 0.06829729729729732
2 0.4935498366013072 0.5516756756756757 0.03755718954248368 0.11075675675675681
4 0.4788766339869281 0.48995945945945946 0.03662581699346399 0.056405405405405416
4 0.5214297385620915 0.4843378378378378 0.0196078431372549 0.05078378378378376
