2 0.22492647058823528 0.5430405405405405 0.1044607843137255 0.11381081081081076
6 0.33555555555555555 0.5020270270270271 0.07462418300653592 0.10513513513513507
0 0.7291830065359477 0.5483648648648649 0.01901960784313723 0.2102972972972973
2 0.39125 0.5159189189189188 0.06526143790849677 0.08962162162162161
2 0.534546568627451 0.4884594594594595 0.02446895424836605 0.05189189189189194
2 0.49250000000000005 0.5062432432432432 0.04351307189542483 0.06886486486486491
4 0.5652532679738562 0.4843513513513513 0.030669934640522846 0.06205405405405408
4 0.6456821895424837 0.48013513513513517 0.02641339869281049 0.06486486486486487
4 0.6843995098039215 0.47028378378378377 0.025563725490196143 0.045162162162162185
4 0.8614215686274509 0.4674594594594594 0.24343137254901953 0.06205405405405408
4 0.14144607843137255 0.505472972972973 0.049395424836601316 0.11554054054054054
