2 0.492234477124183 0.528945945945946 0.032197712418300724 0.09713513513513512
2 0.04139297385620915 0.6803783783783784 0.0827859477124183 0.39589189189189194
2 0.23678921568627453 0.7267297297297297 0.2247058823529412 0.4337837837837838
2 0.18129901960784314 0.6200675675675676 0.15264705882352939 0.23078378378378384
2 0.3163725490196079 0.5641081081081081 0.06715686274509804 0.12335135135135132
2 0.40355392156862746 0.5727972972972973 0.06545751633986928 0.14424324324324325
2 0.3636315359477124 0.5349999999999999 0.04381535947712418 0.08886486486486485
6 0.44705473856209144 0.48778378378378384 0.02749183006535946 0.10664864864864868
2 0.08401960784313726 0.5994054054054054 0.15833333333333335 0.20594594594594592
2 0.282406045751634 0.539054054054054 0.0514624183006536 0.08291891891891887
