2 0.11499591503267974 0.7689459459459459 0.22999183006535948 0.4092432432432433
2 0.2615400326797386 0.641527027027027 0.12507352941176472 0.2207837837837837
2 0.9313848039215685 0.5173783783783784 0.16500816993464054 0.3142162162162162
2 0.895 0.4975135135135135 0.16946078431372555 0.2652972972972973
2 0.8232924836601306 0.49972972972972973 0.1608006535947712 0.21972972972972976
2 0.7602328431372549 0.5034864864864864 0.13857026143790852 0.17383783783783782
2 0.34595588235294117 0.5811081081081081 0.07444444444444445 0.13967567567567568
2 0.6139991830065359 0.5715675675675677 0.08598856209150327 0.19145945945945947
2 0.5834926470588235 0.5442432432432432 0.05656045751633979 0.14994594594594599
4 0.4222875816993464 0.5294054054054054 0.05960784313725493 0.09583783783783786
4 0.4916380718954248 0.48574324324324325 0.026413398692810397 0.05359459459459455
4 0.5439787581699346 0.5237567567567568 0.04258169934640523 0.09583783783783786
4 0.3873937908496732 0.5519324324324324 0.039183006535947695 0.1071081081081081
