0 0.5094321895424837 0.5466216216216216 0.018521241830065326 0.18437837837837845
0 0.5184967320261438 0.5396756756756756 0.024509803921568627 0.2087027027027027
0 0.7614133986928104 0.710418918918919 0.09285947712418298 0.5953783783783784
0 0.9594975490196078 0.6603108108108108 0.10224673202614387 0.6955945945945946
0 0.4813643790849674 0.5659594594594595 0.029411764705882353 0.24256756756756756
2 0.3848488562091503 0.5696621621621621 0.13432189542483658 0.34240540540540537
6 0.4442973856209151 0.5341756756756756 0.07111111111111112 0.22089189189189187
8 0.7525245098039215 0.6376081081081082 0.05387254901960779 0.2742972972972974
4 0.6211846405228758 0.5012837837837838 0.01700980392156867 0.11521621621621621
4 0.8231944444444445 0.6290405405405406 0.0475653594771242 0.2696486486486486
4 0.7081862745098039 0.5897567567567568 0.03143790849673195 0.20789189189189194
