2 0.06038398692810457 0.7906621621621622 0.12076797385620915 0.4402972972972973
2 0.31330882352941175 0.6968918918918919 0.1500980392156863 0.3422162162162163
2 0.14975081699346404 0.723554054054054 0.21687091503267972 0.3732162162162162
3 0.7702001633986928 0.7063648648648649 0.1552532679738562 0.41354054054054057
3 0.8766952614379085 0.7566621621621622 0.19559640522875815 0.5082972972972972
2 0.4216013071895425 0.5703378378378379 0.048741830065359495 0.13737837837837832
2 0.44828022875816986 0.5388918918918919 0.027736928104575106 0.08221621621621618
6 0.45787990196078426 0.510554054054054 0.023341503267973896 0.08910810810810811
2 0.5700612745098039 0.5481216216216216 0.08561274509803919 0.11143243243243241
2 0.5605923202614379 0.5362162162162162 0.07598856209150326 0.08837837837837835
2 0.5356781045751634 0.5277567567567567 0.05681372549019614 0.07843243243243246
6 0.46957924836601317 0.5068648648648648 0.017066993464052275 0.056216216216216246
6 0.3874223856209151 0.582891891891892 0.08500816993464053 0.24632432432432436
4 0.5039828431372549 0.5139054054054053 0.015351307189542454 0.053594594594594626
