2 0.09078839869281045 0.8007837837837838 0.1815767973856209 0.420054054054054
2 0.9189746732026144 0.7628648648648648 0.18982843137254904 0.49589189189189187
2 0.6316013071895425 0.607081081081081 0.12029411764705883 0.27935135135135136
0 0.23679738562091507 0.6874324324324325 0.06547385620915033 0.3585405405405405
2 0.3109722222222222 0.550027027027027 0.12684640522875817 0.19043243243243246
5 0.5903145424836602 0.46797297297297297 0.09283496732026143 0.33924324324324323
6 0.5610988562091503 0.49863513513513513 0.050988562091503244 0.1635945945945946
2 0.4555024509803921 0.4952567567567568 0.020057189542483624 0.05564864864864866
4 0.48185866013071904 0.47871621621621624 0.02216503267973856 0.05078378378378384
4 0.5354738562091503 0.49702702702702706 0.03748366013071895 0.09302702702702707
