6 0.6242197712418301 0.5765945945945946 0.08656045751633981 0.3085405405405406
2 0.36006944444444444 0.6196486486486485 0.13007352941176473 0.21643243243243246
2 0.2624550653594771 0.5873783783783784 0.1496486928104575 0.2672432432432432
2 0.5282312091503268 0.5413108108108108 0.05445261437908495 0.13937837837837835
2 0.9132148692810458 0.5956891891891892 0.17193627450980395 0.24613513513513513
2 0.6707843137254902 0.4998108108108108 0.039460784313725544 0.11286486486486484
6 0.71296977124183 0.46455405405405403 0.04682189542483665 0.14099999999999996
2 0.9666748366013073 0.5665270270270271 0.09442810457516333 0.25672972972972974
1 0.6628267973856209 0.4392972972972973 0.04539215686274515 0.1983243243243243
5 0.1662704248366013 0.6517837837837837 0.2177532679738562 0.16010810810810805
2 0.10782679738562091 0.6202702702702703 0.17063725490196077 0.19508108108108102
2 0.036401143790849674 0.617472972972973 0.07280228758169935 0.15251351351351353
5 0.04633986928104575 0.6234594594594595 0.0926797385620915 0.16043243243243246
5 0.11710375816993465 0.5477027027027026 0.05484477124183007 0.1271351351351351
