2 0.6805269607843136 0.6423108108108109 0.13036764705882356 0.26186486486486493
2 0.9963602941176471 0.5698918918918919 0.03505718954248373 0.29259459459459464
2 0.6279942810457516 0.5837972972972972 0.07670751633986927 0.18170270270270275
2 0.4143872549019608 0.5546351351351351 0.05349673202614381 0.11764864864864866
2 0.8918178104575164 0.5553783783783784 0.18201797385620913 0.18448648648648647
2 0.4321364379084967 0.5428243243243244 0.044844771241830055 0.10154054054054053
2 0.9550898692810458 0.5740405405405405 0.11759803921568632 0.2256486486486486
2 0.5756045751633987 0.5103918918918919 0.023872549019607864 0.0781351351351352
2 0.24105392156862746 0.5508108108108108 0.08919934640522874 0.09421621621621618
4 0.5171772875816995 0.5054459459459459 0.043439542483660096 0.053594594594594626
4 0.4588766339869281 0.5322027027027028 0.03237745098039215 0.08456756756756754
4 0.5439787581699346 0.4815405405405406 0.011944444444444448 0.03389189189189187
