2 0.06332924836601307 0.782635135135135 0.12665849673202614 0.45635135135135135
2 0.19834967320261435 0.7571216216216216 0.2773366013071895 0.4902972972972972
2 0.9897099673202614 0.5417972972972973 0.04835784313725495 0.2983513513513513
2 0.8877859477124184 0.5559864864864865 0.12954248366013077 0.24429729729729727
2 0.8102573529411765 0.5416756756756758 0.10832516339869275 0.20470270270270266
2 0.7731535947712418 0.524918918918919 0.10465686274509806 0.1674594594594594
2 0.7408864379084967 0.5173378378378378 0.09937091503267974 0.15256756756756754
2 0.7152246732026143 0.5207162162162162 0.09757352941176467 0.12354054054054056
2 0.6216544117647058 0.5909729729729729 0.09575980392156866 0.2423783783783784
2 0.589452614379085 0.5589459459459459 0.060000000000000046 0.14237837837837838
2 0.388218954248366 0.5705945945945946 0.0790522875816993 0.1788648648648649
6 0.4185825163398693 0.5295000000000001 0.061674836601307195 0.17002702702702702
2 0.6399101307189542 0.4954864864864865 0.07102941176470592 0.10254054054054053
1 0.5252941176470588 0.4609594594594595 0.04807189542483663 0.1652162162162162
4 0.021446078431372553 0.5702162162162163 0.040882352941176474 0.07048648648648652
4 0.05320669934640523 0.7982837837837838 0.10641339869281045 0.4196486486486487
4 0.45334967320261443 0.5181351351351351 0.028120915032679706 0.09583783783783786
