2 0.47576797385620917 0.5503243243243243 0.04434640522875815 0.13372972972972977
2 0.12705882352941178 0.7488783783783783 0.25411764705882356 0.5292702702702703
2 0.21883169934640526 0.5886486486486486 0.12076797385620915 0.21664864864864863
2 0.39000816993464055 0.5774864864864865 0.07620915032679737 0.19037837837837837
2 0.32561683006535946 0.5471081081081082 0.05402777777777777 0.10594594594594592
2 0.1892361111111111 0.564027027027027 0.08649509803921569 0.1287567567567567
2 0.4194362745098039 0.5381351351351352 0.03903594771241828 0.09518918918918919
2 0.4389665032679738 0.5232837837837838 0.026151960784313717 0.06321621621621626
6 0.4506495098039216 0.48933783783783785 0.01732843137254905 0.07197297297297296
2 0.2935171568627451 0.532054054054054 0.04593954248366015 0.08410810810810804
2 0.03243464052287582 0.6202567567567567 0.06486928104575164 0.20835135135135144
