2 0.9455065359477124 0.770391891891892 0.136764705882353 0.48083783783783784
3 0.6764011437908496 0.5972162162162163 0.0320179738562091 0.20751351351351352
2 0.38749999999999996 0.614 0.0814705882352941 0.21372972972972984
2 0.5957312091503267 0.5896621621621622 0.08593954248366008 0.2261351351351351
2 0.5722549019607843 0.5755945945945946 0.057973856209150264 0.14643243243243245
6 0.5577655228758169 0.5450945945945946 0.051593137254901944 0.14527027027027026
2 0.4510866013071895 0.5322837837837837 0.029215686274509798 0.08121621621621625
6 0.5397385620915034 0.5178918918918919 0.03299019607843137 0.10427027027027022
4 0.4822834967320262 0.4956081081081081 0.016200980392156897 0.04516216216216211
4 0.5116462418300655 0.48010810810810806 0.02216503267973856 0.03670270270270273
4 0.5231290849673202 0.5153243243243244 0.03151960784313729 0.06205405405405408
