2 0.5952573529411765 0.5917162162162162 0.1031944444444444 0.23218918918918918
2 0.1491421568627451 0.759364864864865 0.2982843137254902 0.5028918918918919
0 0.10761846405228757 0.6754189189189188 0.030089869281045737 0.4631621621621621
2 0.20118055555555556 0.5983108108108108 0.14072712418300654 0.1700270270270271
2 0.4296772875816993 0.5282972972972972 0.041560457516339876 0.11983783783783777
2 0.5424509803921569 0.5393108108108109 0.050751633986928106 0.12462162162162158
0 0.15154411764705883 0.6850540540540541 0.03459150326797386 0.4637297297297297
2 0.4453022875816993 0.5211486486486486 0.027745098039215623 0.07170270270270271
2 0.5185539215686275 0.5035675675675676 0.02490196078431374 0.08562162162162164
4 0.4588807189542484 0.5040405405405406 0.020457516339869343 0.05078378378378376
4 0.5031290849673202 0.5012297297297297 0.020457516339869343 0.045162162162162185
