2 0.500592320261438 0.5415000000000001 0.044125816993464045 0.11867567567567566
6 0.1271936274509804 0.561554054054054 0.2543872549019608 0.8985135135135135
2 0.2823447712418301 0.6148378378378379 0.1744607843137255 0.23935135135135127
2 0.3787050653594771 0.5283783783783784 0.10159313725490197 0.15637837837837842
2 0.3939460784313725 0.5119324324324325 0.0758496732026144 0.14181081081081082
2 0.4242687908496732 0.501527027027027 0.0595343137254902 0.0977567567567568
6 0.5477246732026143 0.4843378378378378 0.03919117647058826 0.12256756756756755
2 0.4950285947712418 0.5136486486486487 0.02783496732026148 0.08400000000000003
6 0.33417892156862744 0.5495405405405406 0.15626633986928107 0.24864864864864866
1 0.2061764705882353 0.4703378378378378 0.11857843137254903 0.21829729729729733
4 0.9686928104575164 0.5138918918918919 0.0886928104575163 0.07048648648648652
4 0.46398284313725485 0.4857567567567568 0.035776143790849646 0.07048648648648652
