2 0.4677859477124183 0.5480810810810811 0.03818627450980393 0.10378378378378379
2 0.2760743464052287 0.7690135135135134 0.24330882352941177 0.48359459459459464
2 0.2105923202614379 0.6258783783783783 0.17133169934640524 0.2718648648648649
5 0.3737418300653595 0.6086756756756756 0.049183006535947704 0.13778378378378375
5 0.4156168300653595 0.5546621621621621 0.022279411764705916 0.0901891891891892
2 0.32319852941176475 0.5632567567567568 0.10221405228758167 0.1245675675675675
2 0.3521691176470588 0.5480810810810811 0.07737745098039218 0.11908108108108109
2 0.3830923202614379 0.5379459459459459 0.06819444444444442 0.08599999999999998
2 0.4001062091503268 0.5330675675675676 0.05104575163398694 0.07602702702702709
6 0.4090808823529412 0.510527027027027 0.0540114379084967 0.0859189189189189
1 0.7989828431372549 0.5054054054054054 0.304142156862745 1.0108108108108107
2 0.5767687908496731 0.586554054054054 0.07298202614379089 0.18602702702702698
2 0.5415727124183006 0.5489189189189189 0.044485294117647095 0.1124864864864865
1 0.52578022875817 0.47247297297297297 0.05028594771241836 0.20862162162162162
2 0.10149101307189543 0.5700945945945946 0.11407679738562092 0.1364054054054054
2 0.4704289215686275 0.5274324324324324 0.028259803921568655 0.08243243243243244
4 0.10724673202614379 0.8193918918918919 0.21449346405228759 0.37743243243243246
