2 0.384906045751634 0.5315 0.03595588235294117 0.10289189189189188
6 0.33301879084967323 0.5110135135135134 0.04458333333333333 0.11062162162162156
2 0.23730800653594775 0.6077972972972973 0.0865277777777778 0.17002702702702693
2 0.16383169934640524 0.6137972972972974 0.09665032679738562 0.15359459459459462
0 0.3593872549019608 0.5330135135135136 0.007352941176470588 0.06754054054054057
2 1.0116503267973855 0.5872162162162161 0.004477124183006551 0.37097297297297294
2 0.20152369281045754 0.5437162162162162 0.06067810457516341 0.06045945945945947
2 0.7578799019607843 0.4886216216216216 0.03365196078431377 0.05945945945945946
4 0.8282434640522875 0.4632297297297297 0.010245098039215656 0.053594594594594626
4 0.9629411764705883 0.4614594594594595 0.057581699346405245 0.06421621621621619
4 0.8026960784313726 0.46605405405405403 0.028970588235294147 0.06486486486486487
4 0.4120669934640523 0.5265945945945946 0.022156862745097997 0.05643243243243242
4 0.0588888888888889 0.6476351351351352 0.0800326797385621 0.08456756756756763
4 0.8848039215686274 0.46605405405405403 0.06045751633986928 0.07048648648648645
