0 0.9233537581699346 0.5960810810810812 0.07734477124183012 0.5176756756756756
3 0.23288807189542485 0.6964054054054053 0.09678921568627454 0.5049189189189189
2 0.7823406862745098 0.7310945945945946 0.2764624183006536 0.5594324324324325
2 0.642267156862745 0.5960405405405406 0.1263807189542484 0.3430540540540541
2 0.596638071895425 0.5455135135135135 0.0828186274509804 0.237945945945946
2 0.5745261437908497 0.5364324324324324 0.05183006535947717 0.15189189189189195
0 0.5386437908496732 0.48406756756756764 0.008169934640522876 0.10089189189189192
0 0.5412132352941176 0.4856621621621621 0.011707516339869314 0.09716216216216213
2 0.44565359477124183 0.4891486486486487 0.02334967320261432 0.07759459459459461
0 0.49520424836601307 0.48324324324324325 0.006813725490196012 0.06529729729729729
2 0.3827328431372549 0.5374864864864864 0.05113562091503266 0.11994594594594593
2 0.03516748366013072 0.7922702702702702 0.07033496732026144 0.43708108108108107
2 0.12879901960784315 0.7530810810810811 0.2575980392156863 0.46578378378378377
2 0.27114787581699346 0.6315945945945945 0.13749183006535945 0.26816216216216215
2 0.3356617647058824 0.5647162162162161 0.08418300653594774 0.18662162162162166
