0 0.9734599673202613 0.6294189189189189 0.07432189542483662 0.7573783783783784
0 0.946045751633987 0.620054054054054 0.12915032679738556 0.776108108108108
8 0.23973039215686276 0.8047432432432432 0.11540849673202613 0.40672972972972976
0 0.40797794117647057 0.607891891891892 0.03812908496732032 0.3591891891891892
0 0.3761887254901961 0.6228108108108108 0.04205065359477122 0.3543783783783784
0 0.5141911764705882 0.531972972972973 0.02429738562091504 0.21378378378378377
0 0.5167075163398693 0.5026486486486487 0.02480392156862746 0.15286486486486486
0 0.5549754901960784 0.5321351351351351 0.015996732026143823 0.2074594594594595
0 0.6018586601307189 0.500527027027027 0.01613562091503268 0.17586486486486486
2 0.4702287581699346 0.4853108108108108 0.02805555555555558 0.07202702702702697
0 0.3552532679738562 0.548445945945946 0.02285947712418302 0.21116216216216216
0 0.5791952614379084 0.5203513513513514 0.01809640522875815 0.17875675675675673
4 0.09550245098039216 0.7778918918918919 0.19100490196078432 0.4550270270270271
4 0.2922875816993464 0.6459054054054054 0.10272875816993465 0.32018918918918926
