6 0.8250816993464052 0.5054054054054054 0.37761437908496737 1.0108108108108107
2 0.07551879084967321 0.714608108108108 0.15103758169934642 0.5761351351351351
2 0.12225898692810458 0.6625135135135135 0.24451797385620916 0.37735135135135134
2 0.24924836601307193 0.577945945945946 0.20214052287581702 0.22783783783783787
2 0.3528104575163399 0.5367027027027027 0.11816993464052292 0.1315135135135135
6 0.352483660130719 0.48933783783783785 0.14052287581699352 0.22354054054054057
2 0.5721446078431373 0.5504189189189189 0.05713235294117643 0.13716216216216215
2 0.6345833333333334 0.5208243243243242 0.07604575163398687 0.1065135135135135
5 0.6299101307189542 0.607472972972973 0.04272875816993461 0.20954054054054047
4 0.5193055555555557 0.48574324324324325 0.01705882352941176 0.047972972972972976
4 0.45164215686274506 0.4759054054054053 0.06045751633986928 0.08456756756756754
4 0.49546977124183 0.46604054054054056 0.035776143790849736 0.042351351351351395
