0 0.12877450980392158 0.6395000000000001 0.036176470588235296 0.3057027027027027
0 0.026180555555555558 0.5756891891891892 0.049926470588235294 0.251
5 0.9656740196078433 0.7936486486486486 0.09642973856209149 0.4343243243243243
0 0.3358578431372549 0.5354324324324324 0.017385620915032703 0.17789189189189195
4 0.6163194444444444 0.5096891891891893 0.02386437908496735 0.14089189189189189
4 0.5890849673202614 0.504054054054054 0.010245098039215656 0.1070810810810811
4 0.41930964052287584 0.47590540540540544 0.012802287581699406 0.07332432432432431
4 0.23548202614379085 0.5420675675675676 0.15236928104575165 0.14932432432432433
4 0.3937745098039216 0.5026486486486487 0.09109477124183006 0.12681081081081078
4 0.4967483660130719 0.4674459459459459 0.06897058823529417 0.11835135135135133
4 0.7482312091503268 0.5293783783783784 0.02386437908496735 0.2028108108108108
4 0.8833741830065359 0.6715675675675675 0.054330065359477125 0.27318918918918916
