6 0.7895179738562091 0.5965135135135134 0.11653594771241839 0.3881621621621621
2 0.47224673202614376 0.6340675675675677 0.13787581699346405 0.23916216216216218
2 0.3716380718954248 0.5962972972972973 0.14778594771241835 0.28010810810810804
2 0.6512173202614379 0.5432567567567568 0.06318627450980395 0.157
2 0.8169321895424836 0.5073513513513513 0.05213235294117643 0.13010810810810808
6 0.864595588235294 0.4597027027027027 0.05752450980392163 0.16227027027027033
1 0.8026348039215686 0.43448648648648647 0.052998366013071896 0.22481081081081078
5 0.2815563725490196 0.6542567567567568 0.2122630718954248 0.1666756756756757
2 0.22784313725490196 0.6191891891891893 0.1569117647058824 0.19362162162162166
2 0.14220996732026145 0.6212837837837838 0.12134803921568629 0.1542432432432433
5 0.16700571895424837 0.6275675675675675 0.10649509803921565 0.1554594594594594
5 0.24648692810457515 0.5452297297297297 0.048218954248365996 0.12191891891891887
