2 0.49632761437908496 0.5123648648648649 0.023651960784313763 0.0744594594594594
2 0.8337990196078431 0.7537837837837837 0.3601797385620915 0.514054054054054
2 0.6766707516339869 0.6471891891891891 0.1460375816993464 0.3390810810810811
0 0.6095874183006535 0.5223513513513514 0.014436274509803981 0.14070270270270271
2 0.5713848039215687 0.5404864864864866 0.05257352941176463 0.13113513513513517
2 0.5523039215686274 0.530918918918919 0.03668300653594769 0.10832432432432428
2 0.5356045751633987 0.5025540540540541 0.023398692810457505 0.07456756756756758
2 0.3272140522875817 0.5657027027027027 0.05795751633986928 0.11264864864864867
2 0.35430964052287583 0.5444189189189189 0.04587418300653593 0.10116216216216219
2 0.3817687908496732 0.529472972972973 0.03659313725490198 0.07975675675675674
