0 0.34446486928104575 0.6712432432432432 0.041560457516339876 0.37816216216216214
0 0.3060334967320262 0.6645945945945946 0.04512254901960781 0.40475675675675665
0 0.6145710784313725 0.565608108108108 0.03198529411764704 0.2641891891891891
0 0.6495465686274511 0.5591081081081081 0.03353758169934646 0.270054054054054
3 0.7322630718954248 0.5663378378378379 0.027124183006535893 0.1672702702702703
3 0.7635580065359477 0.5447837837837838 0.04443627450980391 0.17264864864864862
0 0.2767483660130719 0.5797567567567568 0.027173202614379076 0.24854054054054056
4 0.5320669934640523 0.4857567567567568 0.018758169934640554 0.03670270270270273
4 0.4933455882352941 0.5026486486486487 0.014501633986928105 0.05924324324324321
4 0.5746160130718954 0.5293918918918918 0.028970588235294054 0.056405405405405416
