2 0.5230555555555556 0.5761756756756757 0.06303921568627448 0.17024324324324328
0 0.9481045751633987 0.594135135135135 0.043839869281045635 0.326054054054054
2 0.9756086601307189 0.552554054054054 0.0765604575163399 0.14164864864864865
2 0.30194035947712417 0.537445945945946 0.05180555555555553 0.09597297297297303
3 0.6557557189542483 0.5324864864864866 0.05190359477124181 0.1321081081081081
6 0.5564665032679739 0.5095945945945947 0.03883169934640521 0.13221621621621618
0 0.4276266339869281 0.5271216216216216 0.012524509803921603 0.1352702702702703
6 0.3701388888888889 0.5123648648648649 0.028006535947712397 0.06710810810810815
2 0.41899918300653594 0.526554054054054 0.06074346405228755 0.0907837837837838
2 0.4946732026143791 0.5454864864864865 0.03622549019607846 0.10978378378378371
4 0.3444158496732026 0.5125135135135135 0.034926470588235295 0.06205405405405408
4 0.4605800653594771 0.5110810810810811 0.05109477124183003 0.10427027027027022
