0 0.057924836601307185 0.682391891891892 0.0666830065359477 0.545054054054054
0 0.4144566993464052 0.6359054054054053 0.045531045751633956 0.281054054054054
0 0.7153267973856209 0.5624459459459459 0.026454248366013067 0.23208108108108108
0 0.3395996732026144 0.6107432432432433 0.023905228758169927 0.27570270270270275
0 0.42890522875816994 0.5777432432432432 0.023725490196078447 0.22159459459459455
0 0.647079248366013 0.5411621621621622 0.027361111111111117 0.20810810810810812
0 0.49515522875816986 0.5431891891891891 0.01740196078431378 0.16654054054054054
0 0.474795751633987 0.5329054054054054 0.013807189542483642 0.13240540540540535
6 0.8619730392156864 0.504054054054054 0.2972957516339869 1.008108108108108
4 0.5464910130718954 0.5237567567567568 0.06623366013071899 0.10399999999999997
4 0.45058006535947714 0.5448243243243243 0.02718954248366011 0.118027027027027
