2 0.9079166666666666 0.7294324324324324 0.2119444444444444 0.5627567567567567
2 0.12705473856209148 0.6576756756756756 0.25410947712418297 0.4982702702702702
2 0.05912990196078431 0.7464594594594595 0.11825980392156862 0.5287027027027027
2 0.7701633986928105 0.7693918918918919 0.26852941176470585 0.48283783783783785
2 0.13666258169934642 0.6273108108108109 0.24587418300653593 0.3708918918918919
2 0.21723447712418298 0.6233243243243243 0.19226307189542485 0.25994594594594606
2 0.24745915032679738 0.5973648648648648 0.19019607843137257 0.23197297297297292
2 0.33375 0.557972972972973 0.11571895424836601 0.13891891891891894
2 0.36580065359477126 0.5375 0.0892483660130719 0.137972972972973
2 0.5684640522875817 0.5631351351351351 0.0500326797385621 0.12697297297297294
2 0.6456495098039217 0.6482027027027026 0.12141339869281047 0.28737837837837843
2 0.5456658496732026 0.5314054054054054 0.03373366013071893 0.09718918918918922
2 0.39338643790849676 0.5314594594594594 0.07538398692810457 0.09162162162162164
4 0.4533496732026144 0.48997297297297304 0.04003267973856209 0.06205405405405408
4 0.5107924836601307 0.4871621621621622 0.018758169934640554 0.039513513513513523
4 0.4848366013071896 0.48856756756756753 0.0196078431372549 0.03670270270270273
4 0.526531862745098 0.5181351351351351 0.02641339869281049 0.06205405405405408
