2 0.06993464052287582 0.776527027027027 0.13986928104575164 0.46856756756756757
6 0.9354983660130719 0.5384189189189188 0.15678104575163407 0.4336486486486486
2 0.23732843137254903 0.7173918918918919 0.1972549019607843 0.40408108108108104
2 0.336687091503268 0.6115810810810811 0.1169035947712418 0.23618918918918924
2 0.8473366013071896 0.516527027027027 0.1029248366013073 0.19521621621621618
2 0.7595955882352942 0.5240135135135134 0.09360294117647054 0.1591621621621622
2 0.7169975490196079 0.5199594594594594 0.07910947712418295 0.14170270270270272
2 0.6983578431372549 0.5179054054054054 0.07964052287581701 0.12289189189189197
2 0.681609477124183 0.5047837837837839 0.07735294117647054 0.11572972972972971
2 0.5791135620915033 0.557 0.06133169934640527 0.1614594594594595
2 0.41376225490196084 0.5411486486486488 0.05575980392156867 0.1298108108108108
6 0.4311192810457516 0.5143108108108109 0.04674836601307187 0.13300000000000003
2 0.6147222222222223 0.49521621621621625 0.058545751633986905 0.08567567567567572
1 0.5187990196078431 0.4586216216216216 0.042205882352941246 0.14378378378378376
4 0.07464052287581699 0.5645945945945946 0.14045751633986928 0.05924324324324329
4 0.4541993464052288 0.5096891891891892 0.03151960784313729 0.07894594594594596
