2 0.08112745098039216 0.7901081081081082 0.16225490196078432 0.4414054054054054
2 0.6792851307189542 0.6380810810810811 0.15896241830065364 0.3332432432432433
2 0.21988562091503266 0.6630675675675675 0.15568627450980393 0.25840540540540535
2 0.33225081699346404 0.574027027027027 0.07786764705882353 0.17708108108108112
2 0.4614501633986929 0.5103243243243243 0.024534313725490267 0.05664864864864867
2 0.3681209150326798 0.5477702702702703 0.05468954248366013 0.12256756756756755
2 0.4037295751633987 0.531635135135135 0.03553104575163395 0.07748648648648646
2 0.5317769607843137 0.499445945945946 0.018472222222222234 0.05240540540540545
2 0.5969485294117647 0.48545945945945945 0.05495915032679737 0.05686486486486484
4 0.4329207516339869 0.5125135135135135 0.023014705882353 0.06205405405405408
4 0.49334150326797377 0.4745 0.0110947712418301 0.042351351351351395
4 0.6912132352941177 0.48997297297297304 0.29959967320261444 0.09583783783783786
4 0.5197303921568628 0.4857567567567568 0.028120915032679706 0.03670270270270273
