2 0.5018055555555556 0.5564459459459459 0.05916666666666663 0.1782972972972973
2 0.12837418300653594 0.6378648648648648 0.1685457516339869 0.26021621621621616
2 0.2670220588235294 0.6712702702702703 0.18224673202614378 0.3793513513513514
2 0.27261846405228757 0.5650675675675675 0.08079248366013071 0.13548648648648648
2 0.3756495098039216 0.5569864864864865 0.06629901960784312 0.15283783783783786
2 0.40844771241830063 0.5312567567567568 0.03727124183006536 0.08564864864864864
2 0.42951797385620916 0.5217702702702703 0.03004901960784316 0.07105405405405403
5 0.4401838235294118 0.46659459459459457 0.039142156862745074 0.13886486486486493
2 0.24619281045751637 0.5513378378378379 0.0706045751633987 0.10645945945945942
4 0.5385498366013072 0.49693243243243246 0.017099673202614338 0.028351351351351375
