2 0.5029411764705881 0.5349999999999999 0.03462418300653594 0.10832432432432436
2 0.06221813725490196 0.6467702702702703 0.12443627450980392 0.24532432432432436
2 0.16595588235294118 0.5883783783783784 0.1291339869281046 0.1848648648648649
2 0.6767973856209151 0.5783108108108109 0.1283496732026144 0.2244054054054054
2 0.6530882352941176 0.5612162162162162 0.11800653594771246 0.17751351351351352
2 0.6112622549019607 0.5530405405405405 0.09928921568627458 0.14002702702702705
2 0.593937908496732 0.5394864864864866 0.08460784313725486 0.13329729729729736
2 0.5889297385620914 0.5280810810810811 0.0781535947712418 0.1074594594594595
2 0.5766053921568627 0.5222027027027026 0.0701879084967321 0.10364864864864863
2 0.44660539215686273 0.5062567567567567 0.01494281045751631 0.037594594594594584
2 0.5438521241830065 0.5060945945945946 0.040351307189542475 0.05018918918918917
6 0.5361111111111111 0.4923513513513514 0.03601307189542487 0.05291891891891895
2 0.4170138888888889 0.5055405405405405 0.018243464052287616 0.0435135135135135
4 0.3959027777777778 0.5026486486486487 0.0153513071895425 0.03670270270270273
4 0.46356209150326805 0.49702702702702706 0.01790849673202611 0.031081081081081083
4 0.7716339869281046 0.5096891891891893 0.06215686274509798 0.1071081081081081
