2 0.16225081699346405 0.7694189189189189 0.3245016339869281 0.4827837837837838
2 0.5794199346405229 0.5629324324324324 0.08117647058823531 0.18575675675675682
2 0.8688602941176472 0.7752837837837838 0.29005718954248366 0.47105405405405404
2 0.2467647058823529 0.7162432432432432 0.21841503267973855 0.43421621621621614
0 0.166437908496732 0.6432972972972972 0.041225490196078414 0.44989189189189194
0 0.22208741830065357 0.604027027027027 0.02389705882352941 0.33216216216216216
2 0.4388970588235294 0.5220945945945946 0.03650326797385617 0.10721621621621619
2 0.541376633986928 0.5179864864864865 0.044044117647058796 0.11105405405405398
0 0.23331699346405227 0.6369864864864865 0.02348039215686275 0.3407837837837839
2 0.452875816993464 0.5067972972972973 0.024215686274509794 0.06645945945945947
2 0.5215114379084966 0.495027027027027 0.023202614379084947 0.07978378378378373
4 0.5048366013071895 0.4843513513513513 0.01875816993464046 0.03389189189189187
4 0.4648325163398692 0.4871621621621622 0.017050653594771245 0.03389189189189195
