2 0.5176511437908496 0.5706891891891892 0.051838235294117685 0.14154054054054055
0 0.7107066993464052 0.5343513513513513 0.01987745098039219 0.14902702702702705
2 0.8395955882352941 0.5204864864864864 0.09760620915032692 0.09389189189189184
2 0.3464869281045752 0.5401621621621622 0.03588235294117648 0.07367567567567573
3 0.6229207516339869 0.5173513513513514 0.03549836601307184 0.09216216216216215
6 0.5412295751633986 0.5111621621621621 0.027116013071895376 0.09886486486486482
0 0.44658496732026143 0.5311891891891892 0.00857843137254902 0.09756756756756756
2 0.495625 0.5461351351351351 0.033962418300653545 0.10340540540540538
4 0.398031045751634 0.5167162162162162 0.06045751633986933 0.05359459459459455
4 0.4750490196078432 0.504054054054054 0.02215686274509804 0.06767567567567573
