2 0.29406045751633986 0.6157972972972973 0.08928104575163397 0.17959459459459456
2 0.5808700980392157 0.5528513513513513 0.06229575163398693 0.15067567567567566
2 0.34366013071895424 0.586 0.0656045751633987 0.1304324324324324
2 0.38593954248366014 0.5465945945945946 0.0451470588235294 0.11464864864864861
2 0.40228758169934636 0.5398918918918919 0.03580065359477119 0.08740540540540541
6 0.9621568627450979 0.4252702702702703 0.10346405228758178 0.1555135135135135
2 0.03643382352941176 0.6163513513513513 0.07286764705882352 0.1341621621621622
4 0.45462418300653595 0.505472972972973 0.05109477124183003 0.047972972972972976
4 0.5235580065359478 0.4941891891891892 0.015351307189542454 0.03670270270270266
4 0.5044035947712419 0.48997297297297293 0.0315196078431372 0.039513513513513523
4 0.42355800653594766 0.5336216216216216 0.02301470588235291 0.07048648648648645
4 0.6180187908496731 0.4702702702702703 0.1157761437908496 0.062054054054054
