2 0.5087581699346405 0.5425675675675675 0.05084967320261439 0.15897297297297294
2 0.9198120915032679 0.7454459459459459 0.1881535947712418 0.5307297297297298
2 0.799611928104575 0.6732162162162162 0.20840686274509806 0.4208108108108108
2 0.7254125816993464 0.5787837837837837 0.15376633986928107 0.2924864864864865
6 0.6330882352941176 0.5168783783783784 0.12310457516339875 0.21343243243243243
2 0.5944771241830066 0.5178648648648649 0.08374183006535947 0.11756756756756757
2 0.5618014705882353 0.49313513513513507 0.051870915032679744 0.07086486486486486
2 0.24521650326797384 0.5413648648648649 0.08504084967320262 0.14154054054054055
6 0.3930514705882353 0.48031081081081084 0.053080065359477145 0.1559189189189189
2 0.296858660130719 0.5317972972972973 0.057851307189542484 0.10791891891891886
2 0.3369566993464052 0.5236891891891892 0.0425081699346405 0.07213513513513521
2 0.3899714052287582 0.498472972972973 0.03062908496732027 0.05435135135135139
2 0.23668709150326797 0.5264054054054054 0.047295751633986916 0.08999999999999996
4 0.4482393790849673 0.4815135135135135 0.023014705882353 0.039513513513513523
