2 0.4762908496732026 0.5518513513513513 0.044967320261437876 0.13564864864864865
2 0.14991830065359477 0.749054054054054 0.29983660130718953 0.5289189189189188
2 0.23855392156862745 0.5806621621621622 0.10805555555555554 0.19970270270270266
2 0.39599264705882353 0.5727567567567567 0.07141339869281044 0.17962162162162165
2 0.3340563725490196 0.5440810810810811 0.05041666666666669 0.1004864864864865
2 0.20445669934640523 0.5588513513513513 0.0797467320261438 0.12132432432432429
2 0.4223080065359477 0.5380810810810811 0.037573529411764665 0.0924324324324324
2 0.44017973856209147 0.522581081081081 0.025473856209150287 0.06181081081081082
6 0.4512908496732026 0.48939189189189186 0.017026143790849605 0.07100000000000002
2 0.30229983660130716 0.5300945945945945 0.04316176470588234 0.08045945945945948
2 0.048178104575163395 0.6185945945945945 0.09635620915032679 0.21162162162162157
