2 0.03321895424836601 0.7118783783783783 0.06643790849673202 0.3647837837837838
2 0.1242279411764706 0.6276891891891893 0.1914624183006536 0.24808108108108107
2 0.19268382352941174 0.5852162162162162 0.15553104575163396 0.19870270270270265
2 0.23167892156862743 0.5784459459459459 0.1417075163398693 0.16040540540540538
2 0.26975490196078433 0.5501621621621622 0.12591503267973855 0.1603243243243243
2 0.30117647058823527 0.5526081081081081 0.09834967320261438 0.12483783783783783
2 0.3171078431372549 0.539445945945946 0.08537581699346405 0.10110810810810818
2 0.3329493464052287 0.539972972972973 0.06831699346405225 0.10540540540540541
2 0.35499183006535945 0.5364324324324324 0.07052287581699346 0.08135135135135134
2 0.36602124183006535 0.5137837837837838 0.060964052287581706 0.09054054054054055
2 0.37970179738562093 0.5178648648648649 0.060465686274509794 0.08043243243243249
2 0.3898080065359477 0.5145405405405405 0.0561846405228758 0.07216216216216213
4 0.44356209150326803 0.4984054054054054 0.028970588235294054 0.039513513513513523
4 0.794607843137255 0.4843513513513513 0.3481045751633988 0.09583783783783786
4 0.9741707516339869 0.5153108108108109 0.06386437908496738 0.2816486486486487
4 0.5295138888888888 0.48995945945945946 0.035776143790849646 0.056405405405405416
4 0.037038398692810455 0.7194324324324324 0.07407679738562091 0.39708108108108103
