2 0.3395220588235294 0.5605945945945946 0.04164215686274512 0.1167567567567568
6 0.29075571895424834 0.5382567567567568 0.048063725490196066 0.1174324324324324
2 0.13261846405228758 0.6759324324324325 0.13306372549019607 0.23818918918918924
2 0.0568218954248366 0.6799054054054054 0.1136437908496732 0.20786486486486477
2 0.1456004901960784 0.5757432432432432 0.06829248366013072 0.0674324324324324
2 0.7177001633986927 0.5044324324324324 0.03441993464052287 0.06421621621621627
4 0.22186683006535948 0.5533108108108108 0.04513888888888889 0.05359459459459455
4 0.3712214052287582 0.5477027027027027 0.02556372549019605 0.09302702702702707
4 0.896327614379085 0.4716621621621621 0.1055637254901961 0.08737837837837842
4 0.8201429738562092 0.4759054054054053 0.012802287581699406 0.07894594594594596
4 0.7661029411764706 0.48010810810810806 0.05109477124183003 0.07048648648648652
