2 0.6480759803921569 0.587081081081081 0.09464869281045744 0.20351351351351354
2 0.559579248366013 0.4973243243243243 0.05445261437908495 0.06156756756756757
0 0.41601307189542486 0.5161351351351352 0.00898692810457521 0.10886486486486487
3 0.6978186274509803 0.5286351351351352 0.048382352941176494 0.125972972972973
2 0.7038562091503268 0.48439189189189186 0.05473856209150327 0.0673783783783784
2 0.8365032679738561 0.4825945945945946 0.07264705882352938 0.06502702702702703
6 0.9811070261437909 0.46708108108108104 0.06556372549019608 0.08513513513513514
2 0.32419117647058826 0.5173378378378378 0.050392156862745056 0.06500000000000003
2 0.4950776143790849 0.4939324324324324 0.017246732026143803 0.03905405405405402
2 0.46769607843137256 0.4941621621621622 0.020032679738562077 0.039891891891891865
4 0.5184477124183006 0.49139189189189186 0.03236928104575164 0.05359459459459455
4 0.22697303921568626 0.5279864864864865 0.05365196078431372 0.08737837837837842
4 0.08357026143790851 0.5462972972972973 0.0902450980392157 0.12962162162162164
4 0.3695220588235294 0.504054054054054 0.011952614379084963 0.062054054054054
