2 0.6618055555555555 0.6020945945945946 0.10841503267973851 0.2271621621621622
2 0.541748366013072 0.49868918918918914 0.05655228758169937 0.06451351351351345
0 0.41098856209150325 0.5185 0.010081699346405255 0.11370270270270269
3 0.7073406862745099 0.5312297297297297 0.05152777777777782 0.1335945945945946
2 0.6921691176470588 0.4850405405405406 0.05595588235294118 0.06905405405405408
2 0.8311846405228758 0.47655405405405404 0.07413398692810458 0.06683783783783781
6 0.9829820261437909 0.46727027027027024 0.06181372549019615 0.08724324324324324
2 0.3305065359477124 0.5179459459459459 0.052434640522875824 0.06762162162162165
2 0.23135212418300655 0.5219999999999999 0.04441993464052288 0.06297297297297293
2 0.49301879084967326 0.49414864864864866 0.01758986928104573 0.03986486486486487
2 0.4653063725490196 0.49436486486486486 0.020449346405228736 0.040675675675675704
4 0.5886642156862746 0.48013513513513517 0.012802287581699313 0.031081081081081083
4 0.08314542483660131 0.5336216216216216 0.07748366013071896 0.06486486486486487
