2 0.8647753267973858 0.7828243243243242 0.2982271241830065 0.455972972972973
2 0.7080392156862746 0.6668513513513514 0.1520751633986928 0.32024324324324327
2 0.3803063725490196 0.5769324324324324 0.07312908496732025 0.16067567567567564
2 0.9910866013071896 0.6168783783783784 0.04560457516339864 0.26202702702702707
2 0.41056372549019604 0.5559054054054055 0.05411764705882349 0.12900000000000006
2 0.5821977124183005 0.5185945945945946 0.03137254901960782 0.0923783783783784
2 0.4310906862745098 0.5491216216216217 0.04175653594771243 0.093972972972973
2 0.4452614379084967 0.5378918918918918 0.03743464052287576 0.08502702702702705
2 0.16669934640522877 0.5612972972972973 0.11901960784313725 0.12064864864864862
4 0.5082393790849673 0.49982432432432433 0.04598856209150324 0.05359459459459455
4 0.2793096405228758 0.5167162162162162 0.057900326797385625 0.047972972972972976
4 0.5461111111111111 0.4829459459459459 0.0110947712418301 0.031081081081081083
