2 0.34939950980392154 0.6169189189189189 0.10510620915032683 0.20740540540540542
2 0.2196282679738562 0.6449864864864865 0.13508986928104574 0.22856756756756755
2 0.53375 0.5206891891891892 0.031503267973856254 0.08840540540540535
2 0.39788398692810456 0.5661621621621622 0.05274509803921564 0.12227027027027022
2 0.6525980392156863 0.49529729729729727 0.10189542483660133 0.10340540540540538
2 0.6397834967320262 0.4822567567567568 0.08665849673202619 0.12035135135135136
6 0.8265441176470588 0.43535135135135133 0.09228758169934644 0.10821621621621619
4 0.4793055555555556 0.48436486486486485 0.01024509803921575 0.03954054054054053
4 0.44228349673202616 0.49843243243243246 0.03322712418300659 0.03389189189189187
4 0.5865277777777779 0.48856756756756753 0.09364379084967321 0.09302702702702699
4 0.7405718954248366 0.4505675675675676 0.09024509803921571 0.0902162162162162
4 0.505686274509804 0.4970135135135135 0.02215686274509804 0.047972972972972976
