2 1.0065931372549022 0.767527027027027 0.014591503267973774 0.4865675675675676
2 0.1343954248366013 0.7833648648648649 0.2687908496732026 0.4548918918918919
2 0.2450857843137255 0.7685135135135136 0.21584150326797386 0.3700540540540541
2 0.696311274509804 0.6962027027027026 0.19868464052287577 0.3962432432432432
2 0.763357843137255 0.5484729729729729 0.16964052287581707 0.17170270270270271
2 0.392937091503268 0.5588513513513513 0.06053104575163397 0.14154054054054055
2 0.5735906862745098 0.5539189189189189 0.055220588235294146 0.14118918918918913
6 0.40789624183006534 0.5181216216216216 0.050433006535947726 0.15889189189189187
2 0.5561356209150327 0.5405135135135135 0.04825163398692815 0.11529729729729729
6 0.3054044117647059 0.4899459459459459 0.12322712418300658 0.1505405405405405
6 0.4962500000000001 0.48237837837837844 0.020081699346405264 0.06972972972972968
6 0.6318831699346404 0.46455405405405403 0.08028594771241829 0.1033243243243243
4 0.4635580065359477 0.4787027027027027 0.016200980392156804 0.03389189189189187
4 0.53546977124183 0.4618108108108108 0.015351307189542454 0.06767567567567566
