2 0.6113439542483661 0.6165540540540541 0.0849101307189542 0.1982432432432433
2 0.16674019607843135 0.7701486486486486 0.30789215686274507 0.4867297297297297
2 0.3706658496732026 0.5950405405405406 0.0813970588235294 0.19456756756756766
2 0.5473856209150327 0.541054054054054 0.036601307189542444 0.09097297297297297
2 0.23143382352941175 0.5989054054054055 0.10562908496732028 0.18116216216216216
2 0.40776960784313726 0.5626351351351352 0.051519607843137256 0.12278378378378373
2 0.3214665032679739 0.5603783783783783 0.056936274509803916 0.10924324324324329
2 0.3610130718954248 0.540445945945946 0.03790849673202613 0.08051351351351357
2 0.4419403594771241 0.533391891891892 0.0231781045751634 0.05802702702702702
6 0.4012132352941177 0.5163918918918919 0.0278186274509804 0.06862162162162158
2 0.4910457516339869 0.5261756756756757 0.019640522875816965 0.061648648648648656
2 0.515968137254902 0.5212972972972972 0.013341503267973889 0.04448648648648651
4 0.45706699346405233 0.5110405405405406 0.021372549019607816 0.05656756756756759
4 0.4766911764705883 0.5195135135135135 0.017957516339869296 0.05091891891891885
