0 0.8247140522875818 0.7162837837837838 0.17709150326797377 0.5836486486486486
0 0.46233251633986927 0.5702162162162162 0.033357843137254845 0.27589189189189184
0 0.755531045751634 0.7358378378378378 0.0602450980392157 0.5445405405405405
0 0.6585784313725489 0.7035675675675676 0.049346405228758154 0.4912432432432432
0 0.6139133986928105 0.6608378378378378 0.049705882352941204 0.40367567567567564
0 0.7172589869281045 0.6157837837837837 0.0387173202614379 0.3772972972972973
0 0.6358905228758169 0.5993918918918918 0.06155228758169937 0.31283783783783775
0 0.696062091503268 0.6742297297297297 0.04831699346405228 0.39683783783783777
0 0.6818831699346405 0.5808513513513514 0.05932189542483652 0.2907297297297297
0 0.6709436274509804 0.6346756756756757 0.058504901960784325 0.3565405405405406
2 0.462406045751634 0.5419324324324324 0.0549754901960784 0.14072972972972977
4 0.5664379084967319 0.5321891891891892 0.04671568627450976 0.15454054054054056
4 0.5176388888888889 0.4872702702702703 0.0475653594771242 0.053459459459459464
