2 0.5037336601307189 0.5331216216216216 0.03986928104575169 0.12478378378378382
2 0.33017565359477125 0.559445945945946 0.06352124183006536 0.11975675675675676
2 0.6896609477124183 0.5795270270270271 0.15589052287581695 0.24418918918918925
2 0.6164297385620915 0.5453648648648649 0.10684640522875814 0.14802702702702697
2 0.6064746732026144 0.5315675675675676 0.08724673202614386 0.12702702702702703
2 0.5984354575163399 0.5145405405405405 0.07459967320261433 0.11940540540540542
6 0.5692647058823529 0.4970810810810811 0.07065359477124185 0.11172972972972973
2 0.5570751633986928 0.5025945945945947 0.05508169934640529 0.07216216216216213
2 0.33924019607843137 0.515108108108108 0.04256535947712416 0.08437837837837837
6 0.44881944444444444 0.4696081081081081 0.024861111111111164 0.07683783783783786
2 0.3617687908496732 0.5096081081081081 0.033390522875816994 0.07040540540540544
2 0.409640522875817 0.49686486486486486 0.021405228758169925 0.04178378378378373
2 0.31432598039215687 0.5082972972972972 0.026609477124183 0.061135135135135146
2 0.11909313725490196 0.516 0.03303921568627452 0.06951351351351351
