2 0.889203431372549 0.7362837837837838 0.24937091503267975 0.549054054054054
2 0.12799019607843137 0.7549729729729729 0.25598039215686275 0.43410810810810807
2 0.724375 0.6653648648648649 0.20670751633986928 0.3839189189189189
2 0.3580882352941176 0.5452027027027027 0.06266339869281044 0.1374864864864865
2 0.6036111111111111 0.553027027027027 0.08040849673202612 0.18335135135135136
2 0.580563725490196 0.5297567567567567 0.05792483660130717 0.13837837837837844
2 0.38479575163398694 0.5303243243243243 0.04184640522875819 0.10459459459459457
4 0.18484477124183007 0.5167297297297297 0.1430065359477124 0.16059459459459463
4 0.6001470588235294 0.4674594594594595 0.028970588235294054 0.12399999999999999
4 0.6882312091503268 0.450554054054054 0.05535130718954248 0.08456756756756754
