2 0.10535947712418302 0.7784729729729729 0.21071895424836604 0.4646756756756757
2 0.9450939542483661 0.4553648648648648 0.13758986928104583 0.30910810810810807
2 1.00859477124183 0.4312297297297297 0.010588235294117676 0.1515945945945946
2 0.35621323529411764 0.6083108108108107 0.0927859477124183 0.19094594594594588
2 0.26361519607843137 0.6833648648648648 0.18520424836601307 0.34813513513513517
2 0.6343218954248366 0.5334729729729729 0.06975490196078431 0.1446216216216216
2 0.4010253267973856 0.5653918918918919 0.06123366013071899 0.14256756756756755
2 0.43178513071895425 0.5499864864864865 0.038946078431372565 0.1022432432432432
2 0.4405269607843137 0.5416081081081081 0.035089869281045696 0.08818918918918918
2 0.5453104575163399 0.5305000000000001 0.03552287581699348 0.09602702702702703
2 0.6432434640522875 0.5190810810810811 0.10140522875816994 0.11502702702702704
2 0.5832843137254903 0.5152837837837838 0.04330065359477124 0.07791891891891888
2 0.5492401960784313 0.47847297297297303 0.03699346405228756 0.03656756756756757
2 0.4544403594771242 0.48781081081081085 0.03126633986928103 0.03459459459459455
