2 0.3606168300653595 0.6534594594594595 0.12651143790849675 0.3217837837837838
2 0.8645874183006537 0.8020945945945945 0.29860294117647057 0.4174324324324324
2 0.6643341503267973 0.6945405405405406 0.1497140522875817 0.3832432432432432
2 0.5911601307189542 0.6276756756756757 0.08736928104575159 0.2295675675675675
2 0.40201797385620913 0.6056081081081081 0.07034313725490197 0.19975675675675666
2 0.4196078431372549 0.5755405405405405 0.05534313725490197 0.1405945945945946
2 0.5638766339869281 0.5751216216216216 0.058619281045751634 0.15099999999999994
2 0.5424591503267974 0.5641216216216216 0.04449346405228761 0.1191081081081081
2 0.4443995098039215 0.5453108108108108 0.031168300653594754 0.08748648648648642
2 0.46075163398692814 0.5242702702702703 0.02741830065359482 0.09151351351351347
2 0.4706004901960784 0.5238918918918918 0.02556372549019605 0.0765945945945946
4 0.5065400326797386 0.5258783783783784 0.03745915032679731 0.05100000000000001
