2 0.9143954248366013 0.7660810810810811 0.1989869281045751 0.48945945945945946
2 0.7533496732026144 0.7433108108108107 0.24393790849673216 0.5213783783783784
2 0.1544893790849673 0.7763918918918918 0.27010620915032674 0.46883783783783783
2 0.3019362745098039 0.6513648648648649 0.12254901960784313 0.29094594594594586
2 0.6086478758169934 0.601972972972973 0.08672385620915031 0.21345945945945952
2 0.36735702614379084 0.5871486486486487 0.07489379084967322 0.19164864864864864
2 0.5822549019607842 0.5627567567567568 0.06557189542483659 0.14264864864864865
6 0.5598039215686275 0.5041621621621623 0.060424836601307125 0.20529729729729732
2 0.5220996732026143 0.5325945945945946 0.021977124183006517 0.05832432432432428
2 0.43511437908496725 0.5444054054054054 0.022990196078431363 0.052756756756756784
2 0.5076674836601307 0.5277972972972973 0.02616830065359475 0.05916216216216213
2 0.486437908496732 0.529472972972973 0.02017973856209154 0.04354054054054058
