2 0.5009272875816994 0.5713648648648648 0.0699101307189542 0.21062162162162165
2 0.060653594771241826 0.6846081081081081 0.12130718954248365 0.31835135135135134
2 0.14048611111111112 0.7554189189189189 0.28097222222222223 0.5161891891891892
2 0.3539542483660131 0.5759594594594595 0.07338235294117647 0.15370270270270273
2 0.28420343137254905 0.5544729729729729 0.07711601307189542 0.13667567567567565
2 0.4013316993464052 0.5382837837837837 0.050196078431372596 0.10964864864864864
5 0.4256495098039216 0.4618108108108108 0.05768790849673199 0.19605405405405404
5 0.4569730392156863 0.4657567567567567 0.023799019607843135 0.10805405405405402
2 0.07149101307189543 0.6021486486486487 0.14298202614379085 0.20132432432432434
2 0.17916666666666667 0.5570675675675676 0.08843137254901962 0.1315405405405405
6 0.3314460784313725 0.5071081081081081 0.04013071895424837 0.08924324324324319
2 0.550531045751634 0.5067837837837837 0.017107843137254948 0.039513513513513523
