2 0.5491217320261438 0.5214189189189189 0.031135620915032598 0.0777027027027027
6 0.40047794117647056 0.5030810810810811 0.08889705882352945 0.11783783783783783
2 0.3960375816993464 0.528527027027027 0.08660130718954248 0.09202702702702706
2 0.3619812091503268 0.5476891891891892 0.11108660130718956 0.12640540540540543
2 0.3498897058823529 0.557391891891892 0.11383169934640522 0.1368378378378379
2 0.3252287581699347 0.5686756756756758 0.12004901960784313 0.15902702702702703
2 0.23546977124183008 0.6023918918918919 0.1604003267973856 0.2158108108108108
2 0.19865604575163398 0.6244189189189189 0.21706699346405228 0.24640540540540545
2 0.09575163398692811 0.7435945945945945 0.19150326797385622 0.42956756756756764
2 0.8373815359477124 0.7392027027027027 0.35301470588235295 0.5432162162162162
1 0.5362745098039217 0.48893243243243245 0.03197712418300652 0.09251351351351356
4 0.5078145424836602 0.48293243243243245 0.012802287581699313 0.05359459459459455
4 0.4601511437908497 0.4941891891891892 0.04513888888888889 0.06486486486486487
