0 0.6508782679738562 0.6877567567567567 0.05664215686274513 0.4816216216216216
0 0.7102900326797386 0.6704324324324324 0.06835784313725496 0.49227027027027026
0 0.040943627450980395 0.7008918918918918 0.06345588235294118 0.4921081081081081
0 0.31899918300653596 0.5985810810810811 0.038946078431372565 0.29597297297297304
0 0.5523039215686274 0.555972972972973 0.022058823529411766 0.20627027027027026
0 0.7148366013071896 0.5818783783783784 0.06776143790849669 0.3124594594594595
0 0.9257107843137257 0.588945945945946 0.07243464052287589 0.41600000000000004
0 0.8448243464052289 0.5699189189189189 0.0397630718954249 0.32740540540540536
0 0.36911764705882355 0.5715945945945946 0.027238562091503295 0.2023243243243243
5 0.35678921568627453 0.6150405405405406 0.03225490196078428 0.13462162162162164
0 0.34211601307189543 0.5698783783783784 0.026143790849673203 0.20813513513513518
0 0.974436274509804 0.5806756756756757 0.06344771241830054 0.39551351351351344
2 0.44714052287581696 0.49736486486486486 0.025931372549019616 0.08662162162162165
2 0.374922385620915 0.5227567567567568 0.06674019607843137 0.18605405405405406
6 0.3994934640522876 0.5137027027027027 0.042761437908496715 0.14210810810810814
4 0.030792483660130716 0.6952567567567568 0.05449346405228758 0.44516216216216226
4 0.5855024509803921 0.5567162162162163 0.019730392156862727 0.1471621621621622
4 0.47882352941176476 0.49312162162162165 0.02552287581699347 0.07921621621621622
4 0.5344035947712419 0.5532567567567567 0.008137254901960813 0.12278378378378373
4 0.5704901960784313 0.5515 0.007614379084967361 0.15413513513513513
