2 0.896156045751634 0.6617702702702704 0.23546568627450984 0.6980810810810811
6 0.20612745098039217 0.6263918918918919 0.41225490196078435 0.7688378378378379
0 0.6556862745098039 0.5350405405405405 0.026143790849673203 0.18813513513513516
3 0.4095302287581699 0.555527027027027 0.023096405228758155 0.1675405405405405
3 0.42395833333333327 0.5309054054054054 0.015531045751633932 0.1320810810810811
2 0.10151552287581699 0.7726351351351352 0.20303104575163397 0.47635135135135137
2 0.5862540849673203 0.5675 0.0639297385620915 0.1713243243243243
2 0.5616299019607842 0.5374594594594595 0.051429738562091445 0.14978378378378376
0 0.5018382352941176 0.4888513513513513 0.008169934640522876 0.0728378378378378
0 0.5067320261437909 0.49205405405405406 0.007630718954248299 0.07091891891891894
2 0.45248774509803924 0.49421621621621625 0.017867647058823533 0.06102702702702706
4 0.4758986928104575 0.4843513513513513 0.008545751633986957 0.06767567567567566
