2 0.35294117647058826 0.5517702702702703 0.039869281045751596 0.11235135135135134
6 0.30375 0.5278108108108108 0.04687908496732026 0.11535135135135137
2 0.1649877450980392 0.6503783783783784 0.11716503267973853 0.21535135135135136
2 0.0792361111111111 0.6654324324324324 0.1284232026143791 0.19302702702702706
2 0.16187091503267972 0.5640405405405405 0.06604575163398693 0.0652162162162162
2 0.7294117647058823 0.49178378378378373 0.03410130718954249 0.06291891891891892
4 0.7831209150326797 0.46041891891891895 0.039183006535947744 0.053594594594594626
4 0.3831331699346406 0.5321891891891892 0.03577614379084969 0.07329729729729731
4 0.239734477124183 0.5491081081081082 0.04683823529411768 0.06767567567567566
4 0.9039787581699347 0.45899999999999996 0.15321895424836598 0.06767567567567566
