2 0.2557107843137255 0.5732567567567567 0.12619281045751637 0.15640540540540543
2 0.3006495098039216 0.5572972972972973 0.09855392156862745 0.12097297297297302
3 1.0013071895424837 0.5347432432432433 0.02516339869281042 0.34289189189189195
3 0.8737990196078431 0.5256756756756756 0.06277777777777789 0.2468108108108108
3 0.8188848039215687 0.5269054054054053 0.023750000000000042 0.1783513513513513
2 0.7382189542483659 0.4708108108108108 0.029084967320261456 0.06172972972972974
4 0.49164624183006544 0.4913783783783784 0.012802287581699313 0.03670270270270266
4 0.9461070261437907 0.45618918918918927 0.0536519607843136 0.06205405405405408
4 0.41122140522875816 0.4956081081081081 0.027263071895424842 0.04516216216216211
4 0.6465318627450981 0.48997297297297304 0.07747549019607837 0.09583783783783786
