6 0.17297794117647058 0.5193783783783784 0.07642973856209151 0.12589189189189193
5 0.22350490196078432 0.5212837837837838 0.036372549019607826 0.08440540540540545
2 0.32382761437908497 0.522054054054054 0.03739379084967319 0.058162162162162113
6 0.28658905228758175 0.5063918918918919 0.04177287581699346 0.07040540540540535
4 0.3767565359477124 0.49982432432432433 0.017908496732026158 0.042351351351351395
4 0.4154779411764706 0.4927972972972973 0.044289215686274495 0.03954054054054053
4 0.5469566993464052 0.4984054054054054 0.0247140522875817 0.039513513513513523
4 0.5065359477124183 0.4899864864864865 0.008545751633986957 0.016999999999999977
4 0.4682434640522877 0.4942027027027028 0.006846405228758166 0.019810810810810844
4 0.5895138888888889 0.48997297297297304 0.04513888888888889 0.03389189189189187
