6 0.43423202614379086 0.5507162162162161 0.06919934640522879 0.25078378378378374
6 0.903672385620915 0.4805405405405406 0.22043300653594766 0.44102702702702706
2 0.19413807189542484 0.604472972972973 0.12825980392156863 0.1994324324324325
2 0.08215277777777778 0.5805675675675676 0.164109477124183 0.26702702702702696
2 0.3574305555555556 0.5256486486486487 0.05438725490196078 0.12675675675675677
2 0.6458864379084968 0.5522432432432433 0.10053104575163405 0.1761081081081081
2 0.48353349673202617 0.48760810810810806 0.03198529411764704 0.09981081081081083
6 0.5242933006535948 0.4614864864864865 0.03634803921568628 0.12394594594594598
2 0.7116176470588235 0.5312972972972972 0.10665032679738559 0.18389189189189187
2 0.7933700980392158 0.5429459459459459 0.12842320261437912 0.15659459459459465
1 0.4784763071895425 0.44278378378378375 0.03551470588235296 0.17659459459459462
5 0.048022875816993466 0.6406891891891892 0.09604575163398693 0.13543243243243247
