0 0.8067769607843137 0.660527027027027 0.06504084967320253 0.41705405405405405
0 0.04690359477124183 0.7668648648648649 0.09380718954248365 0.4824864864864865
0 0.35825571895424835 0.6108918918918919 0.03054738562091502 0.26432432432432434
0 0.4362745098039216 0.5634459459459459 0.013970588235294044 0.15132432432432436
0 0.4801225490196079 0.543918918918919 0.015212418300653598 0.11810810810810808
0 0.523986928104575 0.5417432432432432 0.010931372549019604 0.11694594594594597
6 0.6488848039215687 0.5270405405405405 0.14221405228758166 0.48170270270270277
4 0.03680964052287582 0.732945945945946 0.06368464052287581 0.41005405405405404
4 0.5553390522875816 0.5314729729729729 0.040531045751634 0.14667567567567572
4 0.5032066993464052 0.5335945945945946 0.022099673202614436 0.09556756756756761
