2 0.11718545751633987 0.7558243243243242 0.23437091503267973 0.4114324324324324
2 0.35498366013071897 0.6446216216216216 0.10088235294117648 0.24324324324324326
2 0.24045343137254901 0.6660135135135136 0.13597222222222222 0.2602432432432432
3 0.6931290849673204 0.6286081081081081 0.09875816993464052 0.27613513513513516
2 0.9661642156862745 0.5579459459459459 0.0954493464052287 0.2838378378378378
3 0.727781862745098 0.6459594594594594 0.10907679738562091 0.32521621621621627
0 0.16033496732026145 0.6237837837837839 0.024509803921568627 0.24864864864864866
2 0.42466503267973854 0.5630000000000001 0.04156862745098039 0.11951351351351351
2 0.45051879084967317 0.5337297297297297 0.020580065359477075 0.0624864864864865
6 0.45899918300653597 0.5065540540540541 0.017393790849673265 0.06786486486486483
2 0.554812091503268 0.5407702702702702 0.07581699346405225 0.09899999999999999
2 0.5269281045751635 0.5223918918918918 0.05235294117647062 0.0722972972972973
6 0.40005310457516335 0.5652837837837837 0.06696895424836599 0.19932432432432431
