3 0.7817197712418301 0.5523648648648649 0.05827614379084971 0.30375675675675673
0 0.8077287581699347 0.5421621621621622 0.028741830065359436 0.22421621621621624
0 0.8363071895424836 0.539 0.0275163398692811 0.2277297297297297
5 0.8215196078431373 0.5835405405405405 0.0342156862745098 0.12967567567567573
3 0.6434354575163399 0.5095945945945947 0.01394607843137259 0.11254054054054058
4 0.9274101307189543 0.4857702702702703 0.15236928104575165 0.0761351351351351
4 0.639297385620915 0.47167567567567564 0.22130718954248374 0.025459459459459426
4 0.7069566993464053 0.5068783783783785 0.08598856209150327 0.045162162162162185
4 0.4010049019607843 0.4913783783783784 0.011944444444444448 0.025459459459459502
4 0.46398284313725485 0.4857567567567567 0.011952614379084963 0.031081081081081083
