2 0.4988398692810457 0.5127027027027027 0.019477124183006563 0.061297297297297236
2 0.8554493464052287 0.7564459459459459 0.31687908496732026 0.5087297297297297
2 0.45203022875817 0.531445945945946 0.02991013071895426 0.08089189189189191
2 0.6300285947712418 0.6085135135135136 0.09652777777777775 0.23227027027027025
2 0.5905678104575164 0.5697432432432432 0.0732107843137255 0.189054054054054
2 0.5727246732026143 0.5442027027027028 0.04987745098039212 0.15532432432432433
2 0.5505147058823529 0.5309864864864865 0.037336601307189486 0.09656756756756761
2 0.5322712418300654 0.5102162162162163 0.02150326797385616 0.06389189189189186
2 0.36167075163398693 0.5238378378378378 0.047671568627451 0.059027027027027036
2 0.29917483660130717 0.5267972972972974 0.053692810457516366 0.06159459459459457
0 0.6206086601307189 0.517054054054054 0.017148692810457524 0.15881081081081078
