2 0.28709967320261437 0.7427162162162162 0.18491830065359474 0.4163513513513513
2 0.11560049019607843 0.7820405405405406 0.23120098039215686 0.4575405405405405
3 0.873578431372549 0.7636756756756757 0.20700980392156862 0.49427027027027026
3 0.9441013071895424 0.7705 0.13957516339869275 0.48062162162162164
2 0.42236519607843137 0.5837702702702703 0.05177287581699342 0.14862162162162165
2 0.45101307189542483 0.5607837837837838 0.030457516339869258 0.09172972972972972
6 0.4602246732026144 0.523445945945946 0.025857843137254883 0.09786486486486488
2 0.5805678104575164 0.5577972972972973 0.09085784313725494 0.11829729729729732
2 0.568296568627451 0.5501081081081082 0.07963235294117649 0.092972972972973
2 0.5438807189542484 0.5357297297297298 0.05905228758169932 0.08162162162162159
6 0.4733864379084967 0.5163918918918919 0.018129084967320214 0.06040540540540547
6 0.3836029411764706 0.603081081081081 0.09415032679738558 0.2708108108108109
