2 0.3634599673202614 0.5838783783783784 0.070187908496732 0.17694594594594595
2 0.07007761437908495 0.5440810810810811 0.09157679738562091 0.12627027027027027
2 0.14747140522875818 0.5360270270270271 0.06625 0.09037837837837837
2 0.20402777777777778 0.5317702702702702 0.05104575163398694 0.07845945945945947
2 0.4392851307189542 0.5203108108108108 0.029436274509803993 0.07245945945945939
2 0.46149101307189544 0.5000810810810811 0.013390522875816982 0.041567567567567555
2 0.49274101307189544 0.5421891891891892 0.03984477124183005 0.13129729729729733
2 0.009223856209150326 0.55 0.018447712418300653 0.1201081081081081
3 0.8070506535947711 0.5823783783783785 0.034248366013071865 0.1555135135135135
4 0.011507352941176472 0.5702297297297297 0.023014705882352944 0.14370270270270266
