6 0.15217320261437908 0.5178918918918919 0.30434640522875817 0.9858378378378378
0 0.700514705882353 0.543581081081081 0.03158496732026141 0.24635135135135128
3 0.3516911764705883 0.6111486486486486 0.04447712418300653 0.27748648648648644
3 0.3904697712418301 0.5527567567567567 0.02412581699346403 0.1847567567567567
2 0.6128553921568627 0.5895405405405405 0.09087418300653596 0.2338378378378378
2 0.5743627450980392 0.5469054054054053 0.06415032679738561 0.18986486486486487
2 0.5565359477124183 0.5257432432432432 0.04982026143790851 0.15467567567567564
0 0.5095955882352942 0.4865 0.010073529411764646 0.08110810810810809
0 0.512532679738562 0.49075675675675673 0.009526143790849647 0.07902702702702698
2 0.444718137254902 0.4901351351351351 0.019714052287581697 0.0664324324324324
2 0.40286764705882355 0.5219864864864865 0.03517973856209151 0.09067567567567562
2 0.20630718954248364 0.6915135135135135 0.19800653594771242 0.3384864864864865
2 0.30621323529411765 0.6028648648648649 0.09871732026143794 0.20800000000000002
4 0.4771772875816994 0.4871621621621622 0.005988562091503302 0.06767567567567573
