2 0.5021200980392158 0.5557297297297298 0.04468137254901965 0.12129729729729728
2 0.08707924836601307 0.7600675675675677 0.17415849673202613 0.5014864864864865
2 0.2061968954248366 0.6850810810810811 0.20286764705882354 0.3872432432432433
2 0.33455065359477126 0.5850540540540541 0.12730392156862744 0.18129729729729727
2 0.3623611111111111 0.5681216216216216 0.09877450980392159 0.15856756756756754
2 0.390641339869281 0.5408783783783784 0.07678921568627452 0.10829729729729728
6 0.41265522875816996 0.49813513513513513 0.08741830065359482 0.15610810810810807
2 0.9034027777777777 0.7191216216216216 0.22097222222222224 0.5833783783783784
0 0.619048202614379 0.5692837837837837 0.02424019607843134 0.18175675675675676
2 0.8369689542483658 0.586554054054054 0.1791993464052287 0.22305405405405412
2 0.4978962418300653 0.5320405405405406 0.028047385620915067 0.08489189189189188
2 0.06085375816993464 0.6603918918918918 0.12170751633986927 0.3147837837837837
6 0.9564297385620916 0.5514864864864866 0.11491830065359483 0.32189189189189193
2 0.17950980392156862 0.5336756756756756 0.08807189542483661 0.12697297297297294
2 0.23678104575163397 0.529972972972973 0.05588235294117645 0.08059459459459457
1 0.340641339869281 0.48628378378378384 0.04829248366013073 0.11478378378378377
4 0.4584517973856209 0.5026486486486487 0.034926470588235295 0.07048648648648652
